1315993215191;8.078480958938599;52.30936825275421;
1315993216227;8.078384399414063;52.30936288833618;
1315993216254;8.078384399414063;52.30936288833618;
1315993217177;8.078250288963318;52.30934679508209;
1315993217181;8.078250288963318;52.30934679508209;
1315993218220;8.078116178512573;52.309330701828;
1315993218223;8.078116178512573;52.309330701828;
1315993219187;8.07796597480774;52.30932533740997;
1315993219203;8.07796597480774;52.30932533740997;
1315993220223;8.077815771102905;52.309314608573914;
1315993220227;8.077815771102905;52.309314608573914;
1315993221198;8.077638745307922;52.309309244155884;
1315993221230;8.077638745307922;52.309309244155884;
1315993222187;8.07745099067688;52.309293150901794;
1315993222190;8.07745099067688;52.309293150901794;
1315993223188;8.077247142791748;52.309260964393616;
1315993223193;8.077247142791748;52.309260964393616;
1315993224192;8.077037930488586;52.309244871139526;
1315993224211;8.077037930488586;52.309244871139526;
1315993225217;8.076817989349365;52.30921268463135;
1315993225279;8.076817989349365;52.30921268463135;
1315993226185;8.076598048210144;52.30917513370514;
1315993226189;8.076598048210144;52.30917513370514;
1315993227211;8.076362013816833;52.30912148952484;
1315993227256;8.076362013816833;52.30912148952484;
1315993228271;8.076136708259583;52.30908930301666;
1315993228434;8.076136708259583;52.30908930301666;
1315993229316;8.075922131538391;52.309051752090454;
1315993229457;8.075922131538391;52.309051752090454;
1315993230203;8.07570219039917;52.308998107910156;
1315993230208;8.07570219039917;52.308998107910156;
1315993231182;8.075482249259949;52.30894982814789;
1315993231240;8.075482249259949;52.30894982814789;
1315993232196;8.075267672538757;52.30890154838562;
1315993232286;8.075267672538757;52.30890154838562;
1315993233234;8.075047731399536;52.30885326862335;
1315993233238;8.075047731399536;52.30885326862335;
1315993234173;8.074833154678345;52.30882108211517;
1315993234179;8.074833154678345;52.30882108211517;
1315993235177;8.074613213539124;52.308772802352905;
1315993235192;8.074613213539124;52.308772802352905;
1315993236201;8.074404001235962;52.30872988700867;
1315993236218;8.074404001235962;52.30872988700867;
1315993237186;8.07418406009674;52.30870306491852;
1315993237190;8.07418406009674;52.30870306491852;
1315993238193;8.07396948337555;52.30865478515625;
1315993238226;8.07396948337555;52.30865478515625;
1315993239195;8.073760271072388;52.30858504772186;
1315993239199;8.073760271072388;52.30858504772186;
1315993240202;8.073540329933167;52.308536767959595;
1315993240219;8.073540329933167;52.308536767959595;
1315993241205;8.073325753211975;52.308493852615356;
1315993241209;8.073325753211975;52.308493852615356;
1315993242191;8.073127269744873;52.30845093727112;
1315993242196;8.073127269744873;52.30845093727112;
1315993243181;8.07293951511383;52.30839729309082;
1315993243197;8.07293951511383;52.30839729309082;
1315993244187;8.072751760482788;52.30835974216461;
1315993244217;8.072751760482788;52.30835974216461;
1315993245174;8.072521090507507;52.3083221912384;
1315993245191;8.072521090507507;52.3083221912384;
1315993246201;8.072301149368286;52.308268547058105;
1315993246207;8.072301149368286;52.308268547058105;
1315993247199;8.072091937065125;52.30821490287781;
1315993247204;8.072091937065125;52.30821490287781;
1315993248207;8.071888089179993;52.30817198753357;
1315993248209;8.071888089179993;52.30817198753357;
1315993249229;8.07171106338501;52.30816125869751;
1315993249272;8.07171106338501;52.30816125869751;
1315993250195;8.071501851081848;52.30809688568115;
1315993250228;8.071501851081848;52.30809688568115;
1315993251187;8.071281909942627;52.308064699172974;
1315993251216;8.071281909942627;52.308064699172974;
1315993252176;8.071056604385376;52.30798959732056;
1315993252206;8.071056604385376;52.30798959732056;
1315993253253;8.070842027664185;52.30791449546814;
1315993253406;8.070842027664185;52.30791449546814;
1315993254260;8.070638179779053;52.30784475803375;
1315993254480;8.070638179779053;52.30784475803375;
1315993255251;8.070396780967712;52.30785012245178;
1315993255255;8.070396780967712;52.30785012245178;
1315993256193;8.07019829750061;52.30786621570587;
1315993256225;8.07019829750061;52.30786621570587;
1315993257194;8.069989085197449;52.30783402919769;
1315993257214;8.069989085197449;52.30783402919769;
1315993258186;8.069774508476257;52.307812571525574;
1315993258189;8.069774508476257;52.307812571525574;
1315993259208;8.069576025009155;52.307785749435425;
1315993259210;8.069576025009155;52.307785749435425;
1315993260176;8.069377541542053;52.307769656181335;
1315993260181;8.069377541542053;52.307769656181335;
1315993261208;8.069179058074951;52.307748198509216;
1315993261245;8.069179058074951;52.307748198509216;
1315993262202;8.0689537525177;52.30774283409119;
1315993262223;8.0689537525177;52.30774283409119;
1315993263222;8.06869089603424;52.30773210525513;
1315993263227;8.06869089603424;52.30773210525513;
1315993264226;8.06847095489502;52.30772137641907;
1315993264262;8.06847095489502;52.30772137641907;
1315993265182;8.06821346282959;52.30771064758301;
1315993265186;8.06821346282959;52.30771064758301;
1315993266242;8.06797742843628;52.30770528316498;
1315993266318;8.06797742843628;52.30770528316498;
1315993267174;8.067741394042969;52.30769455432892;
1315993267179;8.067741394042969;52.30769455432892;
1315993268215;8.067505359649658;52.3076730966568;
1315993268244;8.067505359649658;52.3076730966568;
1315993269184;8.067269325256348;52.30765700340271;
1315993269243;8.067269325256348;52.30765700340271;
1315993270306;8.067038655281067;52.30763018131256;
1315993270402;8.067038655281067;52.30763018131256;
1315993271179;8.066818714141846;52.30760335922241;
1315993271217;8.066818714141846;52.30760335922241;
1315993272214;8.066582679748535;52.30757117271423;
1315993272229;8.066582679748535;52.30757117271423;
1315993273188;8.066352009773254;52.307533621788025;
1315993273234;8.066352009773254;52.307533621788025;
1315993274213;8.066126704216003;52.307506799697876;
1315993274217;8.066126704216003;52.307506799697876;
1315993275195;8.065906763076782;52.3074746131897;
1315993275199;8.065906763076782;52.3074746131897;
1315993276183;8.065681457519531;52.30744779109955;
1315993276187;8.065681457519531;52.30744779109955;
1315993277208;8.06545078754425;52.30741560459137;
1315993277211;8.06545078754425;52.30741560459137;
1315993278178;8.06522011756897;52.30740487575531;
1315993278209;8.06522011756897;52.30740487575531;
1315993279202;8.06498408317566;52.3073673248291;
1315993279262;8.06498408317566;52.3073673248291;
1315993280201;8.064742684364319;52.30731904506683;
1315993280205;8.064742684364319;52.30731904506683;
1315993281192;8.06447982788086;52.307281494140625;
1315993281222;8.06447982788086;52.307281494140625;
1315993282178;8.064238429069519;52.30724394321442;
1315993282182;8.064238429069519;52.30724394321442;
1315993283215;8.064013123512268;52.30722784996033;
1315993283219;8.064013123512268;52.30722784996033;
1315993284190;8.063771724700928;52.30720102787018;
1315993284220;8.063771724700928;52.30720102787018;
1315993285207;8.063551783561707;52.30719566345215;
1315993285240;8.063551783561707;52.30719566345215;
1315993286233;8.063321113586426;52.30717420578003;
1315993286280;8.063321113586426;52.30717420578003;
1315993287200;8.063085079193115;52.30713129043579;
1315993287216;8.063085079193115;52.30713129043579;
1315993288227;8.062865138053894;52.30708837509155;
1315993288287;8.062865138053894;52.30708837509155;
1315993289177;8.062629103660583;52.307045459747314;
1315993289180;8.062629103660583;52.307045459747314;
1315993290230;8.062403798103333;52.307013273239136;
1315993290280;8.062403798103333;52.307013273239136;
1315993291186;8.062183856964111;52.30695962905884;
1315993291190;8.062183856964111;52.30695962905884;
1315993292177;8.06197464466095;52.30691134929657;
1315993292209;8.06197464466095;52.30691134929657;
1315993293178;8.061668872833252;52.30684697628021;
1315993293194;8.061668872833252;52.30684697628021;
1315993294185;8.061432838439941;52.306809425354004;
1315993294223;8.061432838439941;52.306809425354004;
1315993295155;8.06119680404663;52.306782603263855;
1315993295171;8.06119680404663;52.306782603263855;
1315993296200;8.06095540523529;52.30672895908356;
1315993296257;8.06095540523529;52.30672895908356;
1315993297182;8.06072473526001;52.30668604373932;
1315993297185;8.06072473526001;52.30668604373932;
1315993298192;8.06047797203064;52.30661630630493;
1315993298200;8.06047797203064;52.30661630630493;
1315993299159;8.0602365732193;52.306551933288574;
1315993299191;8.0602365732193;52.306551933288574;
1315993300196;8.060000538825989;52.30648756027222;
1315993300198;8.060000538825989;52.30648756027222;
1315993301168;8.059791326522827;52.30642318725586;
1315993301200;8.059791326522827;52.30642318725586;
1315993302206;8.059582114219666;52.30634808540344;
1315993302260;8.059582114219666;52.30634808540344;
1315993303178;8.059388995170593;52.306267619132996;
1315993303207;8.059388995170593;52.306267619132996;
1315993304179;8.059185147285461;52.30618178844452;
1315993304212;8.059185147285461;52.30618178844452;
1315993305139;8.05898666381836;52.30609595775604;
1315993305203;8.05898666381836;52.30609595775604;
1315993306171;8.058793544769287;52.306004762649536;
1315993306175;8.058793544769287;52.306004762649536;
1315993307145;8.058605790138245;52.30590283870697;
1315993307177;8.058605790138245;52.30590283870697;
1315993308181;8.058423399925232;52.305800914764404;
1315993308197;8.058423399925232;52.305800914764404;
1315993309191;8.058267831802368;52.30570435523987;
1315993309235;8.058267831802368;52.30570435523987;
1315993310157;8.058112263679504;52.30561316013336;
1315993310161;8.058112263679504;52.30561316013336;
1315993311197;8.05798351764679;52.305543422698975;
1315993311227;8.05798351764679;52.305543422698975;
1315993312152;8.057870864868164;52.30543613433838;
1315993312182;8.057870864868164;52.30543613433838;
1315993313158;8.057758212089539;52.3053503036499;
1315993313187;8.057758212089539;52.3053503036499;
1315993314162;8.057661652565002;52.305285930633545;
1315993314191;8.057661652565002;52.305285930633545;
1315993315180;8.057581186294556;52.30524301528931;
1315993315184;8.057581186294556;52.30524301528931;
1315993316176;8.057506084442139;52.30521082878113;
1315993316221;8.057506084442139;52.30521082878113;
1315993317173;8.05745780467987;52.30518400669098;
1315993317177;8.05745780467987;52.30518400669098;
1315993318148;8.057430982589722;52.30517864227295;
1315993318152;8.057430982589722;52.30517864227295;
1315993319168;8.05745244026184;52.30521619319916;
1315993319170;8.05745244026184;52.30521619319916;
1315993320153;8.057441711425781;52.30521082878113;
1315993320170;8.057441711425781;52.30521082878113;
1315993321162;8.057441711425781;52.30520009994507;
1315993321190;8.057441711425781;52.30520009994507;
1315993322170;8.057447075843811;52.3052054643631;
1315993322204;8.057447075843811;52.3052054643631;
1315993323170;8.05745244026184;52.30521082878113;
1315993323203;8.05745244026184;52.30521082878113;
1315993324188;8.05745244026184;52.30521619319916;
1315993324192;8.05745244026184;52.30521619319916;
1315993325162;8.05745780467987;52.30521082878113;
1315993325194;8.05745780467987;52.30521082878113;
1315993326217;8.05745780467987;52.30521082878113;
1315993326279;8.05745780467987;52.30521082878113;
1315993327190;8.0574631690979;52.30521082878113;
1315993327195;8.0574631690979;52.30521082878113;
1315993328159;8.0574631690979;52.30521082878113;
1315993328161;8.0574631690979;52.30521082878113;
1315993329197;8.0574631690979;52.30521619319916;
1315993329374;8.0574631690979;52.30521619319916;
1315993331218;8.057409524917603;52.3052054643631;
1315993331285;8.057409524917603;52.3052054643631;
1315993332178;8.057371973991394;52.3052054643631;
1315993332210;8.057371973991394;52.3052054643631;
1315993333204;8.057296872138977;52.30517864227295;
1315993333278;8.057296872138977;52.30517864227295;
1315993334188;8.05722177028656;52.30510890483856;
1315993334191;8.05722177028656;52.30510890483856;
1315993335224;8.057135939598083;52.30508744716644;
1315993335227;8.057135939598083;52.30508744716644;
1315993336315;8.057007193565369;52.3049533367157;
1315993336374;8.057007193565369;52.3049533367157;
1315993337198;8.056819438934326;52.304808497428894;
1315993337231;8.056819438934326;52.304808497428894;
1315993338191;8.056561946868896;52.30484068393707;
1315993338222;8.056561946868896;52.30484068393707;
1315993339209;8.056443929672241;52.30472803115845;
1315993339212;8.056443929672241;52.30472803115845;
1315993340200;8.056309819221497;52.30461537837982;
1315993340260;8.056309819221497;52.30461537837982;
1315993341200;8.056181073188782;52.304502725601196;
1315993341204;8.056181073188782;52.304502725601196;
1315993342211;8.056025505065918;52.30437934398651;
1315993342216;8.056025505065918;52.30437934398651;
1315993343178;8.055912852287292;52.304255962371826;
1315993343181;8.055912852287292;52.304255962371826;
1315993344203;8.055773377418518;52.30415940284729;
1315993344247;8.055773377418518;52.30415940284729;
1315993345189;8.055623173713684;52.304036021232605;
1315993345218;8.055623173713684;52.304036021232605;
1315993346196;8.05548369884491;52.30392873287201;
1315993346239;8.05548369884491;52.30392873287201;
1315993347180;8.055322766304016;52.303810715675354;
1315993347213;8.055322766304016;52.303810715675354;
1315993348220;8.055188655853271;52.30370879173279;
1315993348337;8.055188655853271;52.30370879173279;
1315993349213;8.055049180984497;52.30360150337219;
1315993349216;8.055049180984497;52.30360150337219;
1315993350192;8.054898977279663;52.303521037101746;
1315993350196;8.054898977279663;52.303521037101746;
1315993351201;8.054754137992859;52.30340838432312;
1315993351249;8.054754137992859;52.30340838432312;
1315993352203;8.054603934288025;52.303290367126465;
1315993352206;8.054603934288025;52.303290367126465;
1315993353175;8.054453730583191;52.3031884431839;
1315993353208;8.054453730583191;52.3031884431839;
1315993354178;8.054314255714417;52.30307579040527;
1315993354182;8.054314255714417;52.30307579040527;
1315993355170;8.054169416427612;52.30297386646271;
1315993355236;8.054169416427612;52.30297386646271;
1315993356172;8.054040670394897;52.3028826713562;
1315993356203;8.054040670394897;52.3028826713562;
1315993357209;8.053901195526123;52.302786111831665;
1315993357240;8.053901195526123;52.302786111831665;
1315993358150;8.053799271583557;52.30269491672516;
1315993358200;8.053799271583557;52.30269491672516;
1315993359159;8.053702712059021;52.30258762836456;
1315993359200;8.053702712059021;52.30258762836456;
1315993360175;8.053638339042664;52.30244815349579;
1315993360210;8.053638339042664;52.30244815349579;
1315993366191;8.052758574485779;52.30192244052887;
1315993366264;8.052758574485779;52.30192244052887;
1315993367189;8.052527904510498;52.301799058914185;
1315993367192;8.052527904510498;52.301799058914185;
1315993368182;8.052377700805664;52.30167031288147;
1315993368187;8.052377700805664;52.30167031288147;
1315993369199;8.052179217338562;52.3016756772995;
1315993369204;8.052179217338562;52.3016756772995;
1315993370198;8.051937818527222;52.301509380340576;
1315993370269;8.051937818527222;52.301509380340576;
1315993371209;8.051691055297852;52.30137526988983;
1315993371212;8.051691055297852;52.30137526988983;
1315993372212;8.051503300666809;52.301278710365295;
1315993372245;8.051503300666809;52.301278710365295;
1315993373219;8.051337003707886;52.30120360851288;
1315993373221;8.051337003707886;52.30120360851288;
1315993374204;8.051176071166992;52.30114459991455;
1315993374239;8.051176071166992;52.30114459991455;
1315993375177;8.05099904537201;52.301064133644104;
1315993375180;8.05099904537201;52.301064133644104;
1315993376198;8.050827383995056;52.30098366737366;
1315993376230;8.050827383995056;52.30098366737366;
1315993377193;8.050661087036133;52.30090856552124;
1315993377237;8.050661087036133;52.30090856552124;
1315993378224;8.05049479007721;52.30084419250488;
1315993378257;8.05049479007721;52.30084419250488;
1315993379195;8.050333857536316;52.300774455070496;
1315993379230;8.050333857536316;52.300774455070496;
1315993380168;8.050156831741333;52.30069935321808;
1315993380201;8.050156831741333;52.30069935321808;
1315993381248;8.04999589920044;52.30059206485748;
1315993381335;8.04999589920044;52.30059206485748;
1315993382176;8.049867153167725;52.30049014091492;
1315993382191;8.049867153167725;52.30049014091492;
1315993383182;8.049786686897278;52.30037748813629;
1315993383212;8.049786686897278;52.30037748813629;
1315993387161;8.049266338348389;52.30033993721008;
1315993387202;8.049266338348389;52.30033993721008;
1315993388139;8.049030303955078;52.30023801326752;
1315993388142;8.049030303955078;52.30023801326752;
1315993389175;8.048858642578125;52.30017364025116;
1315993389208;8.048858642578125;52.30017364025116;
1315993390214;8.048670887947083;52.30014145374298;
1315993390289;8.048670887947083;52.30014145374298;
1315993391200;8.04850459098816;52.30007708072662;
1315993391204;8.04850459098816;52.30007708072662;
1315993392190;8.048370480537415;52.300044894218445;
1315993392192;8.048370480537415;52.300044894218445;
1315993393212;8.048263192176819;52.29999125003815;
1315993393309;8.048263192176819;52.29999125003815;
1315993394200;8.048166632652283;52.29994297027588;
1315993394204;8.048166632652283;52.29994297027588;
1315993395170;8.048096895217896;52.29993760585785;
1315993395204;8.048096895217896;52.29993760585785;
1315993396191;8.048037886619568;52.29993760585785;
1315993396223;8.048037886619568;52.29993760585785;
1315993397178;8.04799497127533;52.2999107837677;
1315993397211;8.04799497127533;52.2999107837677;
1315993398183;8.047957420349121;52.29988396167755;
1315993398215;8.047957420349121;52.29988396167755;
1315993399139;8.047941327095032;52.29990005493164;
1315993399203;8.047941327095032;52.29990005493164;
1315993400178;8.047952055931091;52.29990005493164;
1315993400308;8.047952055931091;52.29990005493164;
1315993401181;8.04796278476715;52.29990005493164;
1315993401214;8.04796278476715;52.29990005493164;
1315993402169;8.04796278476715;52.29990005493164;
1315993402201;8.04796278476715;52.29990005493164;
1315993403233;8.047930598258972;52.29988396167755;
1315993403366;8.047930598258972;52.29988396167755;
1315993404178;8.047876954078674;52.29988932609558;
1315993404210;8.047876954078674;52.29988932609558;
1315993405200;8.047812581062317;52.29989469051361;
1315993405231;8.047812581062317;52.29989469051361;
1315993406187;8.04771602153778;52.299824953079224;
1315993406203;8.04771602153778;52.299824953079224;
1315993407216;8.047640919685364;52.299814224243164;
1315993407258;8.047640919685364;52.299814224243164;
1315993408149;8.047538995742798;52.299776673316956;
1315993408153;8.047538995742798;52.299776673316956;
1315993409185;8.047431707382202;52.299765944480896;
1315993409249;8.047431707382202;52.299765944480896;
1315993410205;8.047319054603577;52.29972839355469;
1315993410240;8.047319054603577;52.29972839355469;
1315993411262;8.047206401824951;52.29968547821045;
1315993411373;8.047206401824951;52.29968547821045;
1315993412213;8.047077655792236;52.29962110519409;
1315993412247;8.047077655792236;52.29962110519409;
1315993413186;8.046943545341492;52.299546003341675;
1315993413220;8.046943545341492;52.299546003341675;
1315993414269;8.046777248382568;52.29947626590729;
1315993414338;8.046777248382568;52.29947626590729;
1315993415194;8.046621680259705;52.29941725730896;
1315993415230;8.046621680259705;52.29941725730896;
1315993416200;8.046460747718811;52.2993528842926;
1315993416232;8.046460747718811;52.2993528842926;
1315993417236;8.046299815177917;52.299283146858215;
1315993417280;8.046299815177917;52.299283146858215;
1315993418175;8.046133518218994;52.29921877384186;
1315993418209;8.046133518218994;52.29921877384186;
1315993419149;8.045961856842041;52.29914903640747;
1315993419152;8.045961856842041;52.29914903640747;
1315993420169;8.045800924301147;52.29907929897308;
1315993420202;8.045800924301147;52.29907929897308;
1315993421175;8.045634627342224;52.299009561538696;
1315993421224;8.045634627342224;52.299009561538696;
1315993422179;8.04547369480133;52.29894518852234;
1315993422183;8.04547369480133;52.29894518852234;
1315993423200;8.045307397842407;52.29887545108795;
1315993423203;8.045307397842407;52.29887545108795;
1315993424139;8.045130372047424;52.298811078071594;
1315993424143;8.045130372047424;52.298811078071594;
1315993425176;8.044958710670471;52.29874134063721;
1315993425209;8.044958710670471;52.29874134063721;
1315993426165;8.044797778129578;52.29867160320282;
1315993426212;8.044797778129578;52.29867160320282;
1315993427185;8.044626116752625;52.29860723018646;
1315993427219;8.044626116752625;52.29860723018646;
1315993428175;8.044454455375671;52.298537492752075;
1315993428239;8.044454455375671;52.298537492752075;
1315993429198;8.044288158416748;52.29846775531769;
1315993429243;8.044288158416748;52.29846775531769;
1315993430200;8.044121861457825;52.2983980178833;
1315993430204;8.044121861457825;52.2983980178833;
1315993431170;8.043944835662842;52.298328280448914;
1315993431226;8.043944835662842;52.298328280448914;
1315993432191;8.043762445449829;52.298258543014526;
1315993432240;8.043762445449829;52.298258543014526;
1315993433181;8.043585419654846;52.29818344116211;
1315993433185;8.043585419654846;52.29818344116211;
1315993434183;8.043413758277893;52.29811906814575;
1315993434216;8.043413758277893;52.29811906814575;
1315993435140;8.04324746131897;52.298049330711365;
1315993435143;8.04324746131897;52.298049330711365;
1315993436178;8.043081164360046;52.29797959327698;
1315993436248;8.043081164360046;52.29797959327698;
1315993437200;8.042909502983093;52.29790985584259;
1315993437247;8.042909502983093;52.29790985584259;
1315993438186;8.04273784160614;52.297829389572144;
1315993438218;8.04273784160614;52.297829389572144;
1315993439238;8.042576909065247;52.297765016555786;
1315993439338;8.042576909065247;52.297765016555786;
1315993440238;8.042356967926025;52.29770600795746;
1315993440460;8.042356967926025;52.29770600795746;
1315993441244;8.042131662368774;52.29767918586731;
1315993441466;8.042131662368774;52.29767918586731;
1315993442192;8.041933178901672;52.29763627052307;
1315993442254;8.041933178901672;52.29763627052307;
1315993443193;8.041788339614868;52.29760944843292;
1315993443225;8.041788339614868;52.29760944843292;
1315993444198;8.041611313819885;52.297550439834595;
1315993444278;8.041611313819885;52.297550439834595;
1315993445201;8.041434288024902;52.29748070240021;
1315993445234;8.041434288024902;52.29748070240021;
1315993446191;8.04124653339386;52.29742169380188;
1315993446195;8.04124653339386;52.29742169380188;
1315993447195;8.041058778762817;52.29736268520355;
1315993447227;8.041058778762817;52.29736268520355;
1315993448204;8.040865659713745;52.297309041023254;
1315993448265;8.040865659713745;52.297309041023254;
1315993449204;8.040661811828613;52.29725003242493;
1315993449253;8.040661811828613;52.29725003242493;
1315993450193;8.040468692779541;52.2971910238266;
1315993450241;8.040468692779541;52.2971910238266;
1315993451180;8.040270209312439;52.2971373796463;
1315993451212;8.040270209312439;52.2971373796463;
1315993452202;8.040071725845337;52.29708909988403;
1315993452250;8.040071725845337;52.29708909988403;
1315993453210;8.039867877960205;52.297040820121765;
1315993453244;8.039867877960205;52.297040820121765;
1315993454185;8.039696216583252;52.29698181152344;
1315993454259;8.039696216583252;52.29698181152344;
1315993455182;8.03951382637024;52.29693353176117;
1315993455247;8.03951382637024;52.29693353176117;
1315993456169;8.039358258247375;52.29687988758087;
1315993456172;8.039358258247375;52.29687988758087;
1315993457178;8.039181232452393;52.296820878982544;
1315993457240;8.039181232452393;52.296820878982544;
1315993458151;8.03899884223938;52.296761870384216;
1315993458225;8.03899884223938;52.296761870384216;
1315993459185;8.038800358772278;52.29673504829407;
1315993459233;8.038800358772278;52.29673504829407;
1315993460226;8.038601875305176;52.29671359062195;
1315993460377;8.038601875305176;52.29671359062195;
1315993461209;8.038419485092163;52.29669213294983;
1315993461275;8.038419485092163;52.29669213294983;
1315993462164;8.038221001625061;52.29668140411377;
1315993462232;8.038221001625061;52.29668140411377;
1315993463185;8.038027882575989;52.29668140411377;
1315993463218;8.038027882575989;52.29668140411377;
1315993464194;8.037845492362976;52.29668140411377;
1315993464205;8.037845492362976;52.29668140411377;
1315993465230;8.037668466567993;52.29668140411377;
1315993465275;8.037668466567993;52.29668140411377;
1315993466192;8.03749680519104;52.29670822620392;
1315993466264;8.03749680519104;52.29670822620392;
1315993467154;8.037357330322266;52.29672968387604;
1315993467220;8.037357330322266;52.29672968387604;
1315993468233;8.03723394870758;52.296767234802246;
1315993468304;8.03723394870758;52.296767234802246;
1315993469248;8.037137389183044;52.296799421310425;
1315993469295;8.037137389183044;52.296799421310425;
1315993470201;8.037035465240479;52.2968316078186;
1315993470233;8.037035465240479;52.2968316078186;
1315993471190;8.036938905715942;52.29685306549072;
1315993471252;8.036938905715942;52.29685306549072;
1315993472189;8.036879897117615;52.29686915874481;
1315993472225;8.036879897117615;52.29686915874481;
1315993473184;8.036853075027466;52.29689061641693;
1315993473231;8.036853075027466;52.29689061641693;
1315993474169;8.036847710609436;52.2968852519989;
1315993474172;8.036847710609436;52.2968852519989;
1315993475207;8.036842346191406;52.2968852519989;
1315993475255;8.036842346191406;52.2968852519989;
1315993476199;8.036842346191406;52.2968852519989;
1315993476243;8.036842346191406;52.2968852519989;
1315993477185;8.036836981773376;52.2968852519989;
1315993477250;8.036836981773376;52.2968852519989;
1315993478172;8.036831617355347;52.29687988758087;
1315993478220;8.036831617355347;52.29687988758087;
1315993479159;8.036831617355347;52.29687988758087;
1315993479161;8.036831617355347;52.29687988758087;
1315993480181;8.036826252937317;52.29687452316284;
1315993480244;8.036826252937317;52.29687452316284;
1315993481185;8.036826252937317;52.29687452316284;
1315993481218;8.036826252937317;52.29687452316284;
1315993482208;8.036826252937317;52.29687452316284;
1315993482254;8.036826252937317;52.29687452316284;
1315993483165;8.036826252937317;52.29687452316284;
1315993483211;8.036826252937317;52.29687452316284;
1315993484168;8.036815524101257;52.29687452316284;
1315993484215;8.036815524101257;52.29687452316284;
1315993485186;8.036788702011108;52.29687452316284;
1315993485275;8.036788702011108;52.29687452316284;
1315993486191;8.03674578666687;52.29687452316284;
1315993486223;8.03674578666687;52.29687452316284;
1315993487181;8.036686778068542;52.29689061641693;
1315993487185;8.036686778068542;52.29689061641693;
1315993488184;8.036595582962036;52.29690134525299;
1315993488215;8.036595582962036;52.29690134525299;
1315993489182;8.0364990234375;52.29691207408905;
1315993489260;8.0364990234375;52.29691207408905;
1315993490215;8.036397099494934;52.29692280292511;
1315993490260;8.036397099494934;52.29692280292511;
1315993491165;8.03626835346222;52.2969388961792;
1315993491213;8.03626835346222;52.2969388961792;
1315993492169;8.036144971847534;52.29696035385132;
1315993492171;8.036144971847534;52.29696035385132;
1315993493191;8.0359947681427;52.29697644710541;
1315993493222;8.0359947681427;52.29697644710541;
1315993494185;8.035849928855896;52.2969925403595;
1315993494245;8.035849928855896;52.2969925403595;
1315993495200;8.035699725151062;52.297008633613586;
1315993495250;8.035699725151062;52.297008633613586;
1315993496171;8.035533428192139;52.297024726867676;
1315993496203;8.035533428192139;52.297024726867676;
1315993497193;8.035356402397156;52.297051548957825;
1315993497242;8.035356402397156;52.297051548957825;
1315993498245;8.035168647766113;52.29708909988403;
1315993498425;8.035168647766113;52.29708909988403;
1315993499171;8.034975528717041;52.29713201522827;
1315993499175;8.034975528717041;52.29713201522827;
1315993500172;8.034787774085999;52.29715883731842;
1315993500203;8.034787774085999;52.29715883731842;
1315993501194;8.034605383872986;52.29720175266266;
1315993501225;8.034605383872986;52.29720175266266;
1315993502152;8.034417629241943;52.29722321033478;
1315993502156;8.034417629241943;52.29722321033478;
1315993503191;8.03424060344696;52.29723393917084;
1315993503253;8.03424060344696;52.29723393917084;
1315993504194;8.034047484397888;52.29719638824463;
1315993504240;8.034047484397888;52.29719638824463;
1315993505196;8.033870458602905;52.29719638824463;
1315993505360;8.033870458602905;52.29719638824463;
1315993506200;8.033682703971863;52.29718029499054;
1315993506233;8.033682703971863;52.29718029499054;
1315993507189;8.03350031375885;52.29714274406433;
1315993507237;8.03350031375885;52.29714274406433;
1315993508193;8.033307194709778;52.29711055755615;
1315993508259;8.033307194709778;52.29711055755615;
1315993509182;8.033124804496765;52.297056913375854;
1315993509230;8.033124804496765;52.297056913375854;
1315993510204;8.032947778701782;52.297008633613586;
1315993510267;8.032947778701782;52.297008633613586;
1315993511198;8.0327707529068;52.29696035385132;
1315993511272;8.0327707529068;52.29696035385132;
1315993512199;8.032566905021667;52.29690670967102;
1315993512261;8.032566905021667;52.29690670967102;
1315993513201;8.032379150390625;52.296804785728455;
1315993513205;8.032379150390625;52.296804785728455;
1315993514204;8.03224503993988;52.29675114154816;
1315993514235;8.03224503993988;52.29675114154816;
1315993515196;8.032094836235046;52.29668140411377;
1315993515257;8.032094836235046;52.29668140411377;
1315993516249;8.031939268112183;52.29661166667938;
1315993516350;8.031939268112183;52.29661166667938;
1315993517218;8.031783699989319;52.296536564826965;
1315993517266;8.031783699989319;52.296536564826965;
1315993518190;8.031628131866455;52.29646682739258;
1315993518240;8.031628131866455;52.29646682739258;
1315993519195;8.031467199325562;52.29638636112213;
1315993519243;8.031467199325562;52.29638636112213;
1315993520200;8.031322360038757;52.296321988105774;
1315993520204;8.031322360038757;52.296321988105774;
1315993521188;8.031166791915894;52.29625225067139;
1315993521221;8.031166791915894;52.29625225067139;
1315993522301;8.03102195262909;52.296182513237;
1315993522379;8.03102195262909;52.296182513237;
1315993523196;8.030839562416077;52.29611814022064;
1315993523244;8.030839562416077;52.29611814022064;
1315993524215;8.030700087547302;52.296048402786255;
1315993524251;8.030700087547302;52.296048402786255;
1315993525189;8.030544519424438;52.29597866535187;
1315993525193;8.030544519424438;52.29597866535187;
1315993526211;8.030405044555664;52.29590892791748;
1315993526215;8.030405044555664;52.29590892791748;
1315993527181;8.03026020526886;52.295828461647034;
1315993527232;8.03026020526886;52.295828461647034;
1315993528194;8.030120730400085;52.295764088630676;
1315993528284;8.030120730400085;52.295764088630676;
1315993529185;8.029970526695251;52.29569435119629;
1315993529289;8.029970526695251;52.29569435119629;
1315993530195;8.029804229736328;52.29562997817993;
1315993530244;8.029804229736328;52.29562997817993;
1315993531201;8.029659390449524;52.295581698417664;
1315993531205;8.029659390449524;52.295581698417664;
1315993532204;8.02950918674469;52.295544147491455;
1315993532235;8.02950918674469;52.295544147491455;
1315993533192;8.029342889785767;52.29548513889313;
1315993533224;8.029342889785767;52.29548513889313;
1315993534164;8.029171228408813;52.2954261302948;
1315993534230;8.029171228408813;52.2954261302948;
1315993535185;8.02899956703186;52.29537785053253;
1315993535217;8.02899956703186;52.29537785053253;
1315993536142;8.028811812400818;52.29534029960632;
1315993536190;8.028811812400818;52.29534029960632;
1315993537147;8.028624057769775;52.295292019844055;
1315993537211;8.028624057769775;52.295292019844055;
1315993538218;8.028436303138733;52.29524910449982;
1315993538280;8.028436303138733;52.29524910449982;
1315993539212;8.02823781967163;52.29520618915558;
1315993539302;8.02823781967163;52.29520618915558;
1315993540176;8.028044700622559;52.29516327381134;
1315993540241;8.028044700622559;52.29516327381134;
1315993541186;8.027851581573486;52.2951203584671;
1315993541244;8.027851581573486;52.2951203584671;
1315993542200;8.027663826942444;52.295066714286804;
1315993542253;8.027663826942444;52.295066714286804;
1315993543141;8.027481436729431;52.29500234127045;
1315993543144;8.027481436729431;52.29500234127045;
1315993544188;8.027309775352478;52.29494333267212;
1315993544278;8.027309775352478;52.29494333267212;
1315993545234;8.027132749557495;52.29490578174591;
1315993545368;8.027132749557495;52.29490578174591;
1315993546171;8.026961088180542;52.29484140872955;
1315993546218;8.026961088180542;52.29484140872955;
1315993547191;8.026800155639648;52.294782400131226;
1315993547239;8.026800155639648;52.294782400131226;
1315993548240;8.026639223098755;52.29473412036896;
1315993548275;8.026639223098755;52.29473412036896;
1315993549196;8.026472926139832;52.29468584060669;
1315993549232;8.026472926139832;52.29468584060669;
1315993550285;8.026311993598938;52.29464828968048;
1315993550440;8.026311993598938;52.29464828968048;
1315993551192;8.026161789894104;52.29461073875427;
1315993551224;8.026161789894104;52.29461073875427;
1315993552181;8.02602231502533;52.294578552246094;
1315993552231;8.02602231502533;52.294578552246094;
1315993553184;8.025839924812317;52.29448199272156;
1315993553217;8.025839924812317;52.29448199272156;
1315993554192;8.025598526000977;52.29449808597565;
1315993554313;8.025598526000977;52.29449808597565;
1315993555194;8.025405406951904;52.29444444179535;
1315993555225;8.025405406951904;52.29444444179535;
1315993556214;8.025212287902832;52.29443907737732;
1315993556247;8.025212287902832;52.29443907737732;
1315993557187;8.025051355361938;52.29441225528717;
1315993557234;8.025051355361938;52.29441225528717;
1315993558182;8.024874329566956;52.29441225528717;
1315993558255;8.024874329566956;52.29441225528717;
1315993559255;8.024793863296509;52.29435861110687;
1315993559446;8.024793863296509;52.29435861110687;
1315993560211;8.024691939353943;52.294299602508545;
1315993560315;8.024691939353943;52.294299602508545;
1315993561193;8.02453100681305;52.29422986507416;
1315993561196;8.02453100681305;52.29422986507416;
1315993562194;8.024375438690186;52.29417085647583;
1315993562242;8.024375438690186;52.29417085647583;
1315993563232;8.024230599403381;52.29412257671356;
1315993563280;8.024230599403381;52.29412257671356;
1315993564202;8.024069666862488;52.29408502578735;
1315993564251;8.024069666862488;52.29408502578735;
1315993565213;8.023924827575684;52.294042110443115;
1315993565272;8.023924827575684;52.294042110443115;
1315993566225;8.02375853061676;52.29398846626282;
1315993566412;8.02375853061676;52.29398846626282;
1315993567228;8.023592233657837;52.29392945766449;
1315993567272;8.023592233657837;52.29392945766449;
1315993568189;8.023452758789063;52.29390799999237;
1315993568235;8.023452758789063;52.29390799999237;
1315993569192;8.02328646183014;52.2938597202301;
1315993569241;8.02328646183014;52.2938597202301;
1315993570214;8.023136258125305;52.293811440467834;
1315993570278;8.023136258125305;52.293811440467834;
1315993571197;8.022991418838501;52.29375779628754;
1315993571265;8.022991418838501;52.29375779628754;
1315993572192;8.022846579551697;52.29370415210724;
1315993572255;8.022846579551697;52.29370415210724;
1315993573178;8.022701740264893;52.29363441467285;
1315993573232;8.022701740264893;52.29363441467285;
1315993574200;8.022578358650208;52.293553948402405;
1315993574247;8.022578358650208;52.293553948402405;
1315993575170;8.022449612617493;52.29347884654999;
1315993575173;8.022449612617493;52.29347884654999;
1315993576208;8.022320866584778;52.2934091091156;
1315993576241;8.022320866584778;52.2934091091156;
1315993577196;8.022202849388123;52.293334007263184;
1315993577246;8.022202849388123;52.293334007263184;
1315993578216;8.022095561027527;52.29325890541077;
1315993578300;8.022095561027527;52.29325890541077;
1315993579206;8.02199900150299;52.29319989681244;
1315993579270;8.02199900150299;52.29319989681244;
1315993580194;8.021923899650574;52.29314625263214;
1315993580242;8.021923899650574;52.29314625263214;
1315993581202;8.021838068962097;52.2931033372879;
1315993581280;8.021838068962097;52.2931033372879;
1315993582186;8.02175223827362;52.293055057525635;
1315993582220;8.02175223827362;52.293055057525635;
1315993583191;8.021655678749084;52.293017506599426;
1315993583196;8.021655678749084;52.293017506599426;
1315993584202;8.02153766155243;52.29299068450928;
1315993584294;8.02153766155243;52.29299068450928;
1315993585207;8.021451830863953;52.29295313358307;
1315993585339;8.021451830863953;52.29295313358307;
1315993586188;8.021349906921387;52.29291558265686;
1315993586236;8.021349906921387;52.29291558265686;
1315993587192;8.021237254142761;52.29287803173065;
1315993587241;8.021237254142761;52.29287803173065;
1315993588181;8.021113872528076;52.292824387550354;
1315993588274;8.021113872528076;52.292824387550354;
1315993589184;8.020985126495361;52.292776107788086;
1315993589216;8.020985126495361;52.292776107788086;
1315993590191;8.020893931388855;52.29272246360779;
1315993590254;8.020893931388855;52.29272246360779;
1315993591177;8.020834922790527;52.29266345500946;
1315993591225;8.020834922790527;52.29266345500946;
1315993599209;8.021054863929749;52.292765378952026;
1315993599312;8.021054863929749;52.292765378952026;
1315993600218;8.021065592765808;52.292770743370056;
1315993600255;8.021065592765808;52.292770743370056;
1315993601190;8.021065592765808;52.292770743370056;
1315993601224;8.021065592765808;52.292770743370056;
1315993602178;8.021065592765808;52.292776107788086;
1315993602211;8.021065592765808;52.292776107788086;
1315993603200;8.021070957183838;52.292776107788086;
1315993603248;8.021070957183838;52.292776107788086;
1315993604172;8.021076321601868;52.292781472206116;
1315993604221;8.021076321601868;52.292781472206116;
1315993605193;8.021076321601868;52.292781472206116;
1315993605242;8.021076321601868;52.292781472206116;
1315993606180;8.021070957183838;52.292776107788086;
1315993606244;8.021070957183838;52.292776107788086;
1315993607210;8.021092414855957;52.292786836624146;
1315993607300;8.021092414855957;52.292786836624146;
1315993608198;8.021054863929749;52.29275465011597;
1315993608287;8.021054863929749;52.29275465011597;
1315993609194;8.020985126495361;52.29271709918976;
1315993609260;8.020985126495361;52.29271709918976;
1315993610199;8.020936846733093;52.29270100593567;
1315993610247;8.020936846733093;52.29270100593567;
1315993611186;8.020963668823242;52.29268491268158;
1315993611219;8.020963668823242;52.29268491268158;
1315993612277;8.020829558372498;52.29264736175537;
1315993612360;8.020829558372498;52.29264736175537;
1315993613216;8.020598888397217;52.29249179363251;
1315993613278;8.020598888397217;52.29249179363251;
1315993614201;8.020459413528442;52.29238450527191;
1315993614204;8.020459413528442;52.29238450527191;
1315993615190;8.020325303077698;52.292309403419495;
1315993615255;8.020325303077698;52.292309403419495;
1315993616161;8.020180463790894;52.29224503040314;
1315993616165;8.020180463790894;52.29224503040314;
1315993617196;8.02003562450409;52.29218065738678;
1315993617244;8.02003562450409;52.29218065738678;
1315993618202;8.019869327545166;52.29213237762451;
1315993618364;8.019869327545166;52.29213237762451;
1315993619190;8.019719123840332;52.292078733444214;
1315993619240;8.019719123840332;52.292078733444214;
1315993620196;8.019574284553528;52.292041182518005;
1315993620246;8.019574284553528;52.292041182518005;
1315993621200;8.019424080848694;52.29199290275574;
1315993621265;8.019424080848694;52.29199290275574;
1315993622208;8.01927387714386;52.2919499874115;
1315993622269;8.01927387714386;52.2919499874115;
1315993623193;8.019129037857056;52.29190707206726;
1315993623241;8.019129037857056;52.29190707206726;
1315993624182;8.018984198570251;52.29187488555908;
1315993624279;8.018984198570251;52.29187488555908;
1315993625196;8.018833994865417;52.291826605796814;
1315993625290;8.018833994865417;52.291826605796814;
1315993626205;8.018673062324524;52.291767597198486;
1315993626238;8.018673062324524;52.291767597198486;
1315993627177;8.01851212978363;52.29172468185425;
1315993627224;8.01851212978363;52.29172468185425;
1315993628182;8.018361926078796;52.29170322418213;
1315993628230;8.018361926078796;52.29170322418213;
1315993629174;8.018163442611694;52.29170322418213;
1315993629251;8.018163442611694;52.29170322418213;
1315993635248;8.018319010734558;52.29188024997711;
1315993635381;8.018319010734558;52.29188024997711;
1315993636169;8.018340468406677;52.29185342788696;
1315993636217;8.018340468406677;52.29185342788696;
1315993637208;8.018367290496826;52.291831970214844;
1315993637255;8.018367290496826;52.291831970214844;
1315993638178;8.018367290496826;52.291831970214844;
1315993638226;8.018367290496826;52.291831970214844;
1315993639182;8.018356561660767;52.291789054870605;
1315993639216;8.018356561660767;52.291789054870605;
1315993640220;8.018329739570618;52.2917515039444;
1315993640224;8.018329739570618;52.2917515039444;
1315993641193;8.018329739570618;52.29173004627228;
1315993641246;8.018329739570618;52.29173004627228;
1315993642164;8.018313646316528;52.29170858860016;
1315993642213;8.018313646316528;52.29170858860016;
1315993643184;8.018297553062439;52.2916978597641;
1315993643215;8.018297553062439;52.2916978597641;
1315993644140;8.01829218864441;52.29169249534607;
1315993644143;8.01829218864441;52.29169249534607;
1315993645177;8.01829218864441;52.29169249534607;
1315993645243;8.01829218864441;52.29169249534607;
1315993646181;8.0182546377182;52.29167640209198;
1315993646214;8.0182546377182;52.29167640209198;
1315993647170;8.018243908882141;52.29163348674774;
1315993647202;8.018243908882141;52.29163348674774;
1315993648175;8.0182546377182;52.29161739349365;
1315993648228;8.0182546377182;52.29161739349365;
1315993649185;8.01828145980835;52.29159593582153;
1315993649245;8.01828145980835;52.29159593582153;
1315993650151;8.018329739570618;52.291547656059265;
1315993650155;8.018329739570618;52.291547656059265;
1315993651203;8.018410205841064;52.29147791862488;
1315993651341;8.018410205841064;52.29147791862488;
1315993652177;8.01851212978363;52.29141891002655;
1315993652241;8.01851212978363;52.29141891002655;
1315993653195;8.018614053726196;52.29134917259216;
1315993653316;8.018614053726196;52.29134917259216;
1315993654227;8.018726706504822;52.291284799575806;
1315993654321;8.018726706504822;52.291284799575806;
1315993655173;8.018850088119507;52.29120969772339;
1315993655240;8.018850088119507;52.29120969772339;
1315993656135;8.018962740898132;52.29112386703491;
1315993656210;8.018962740898132;52.29112386703491;
1315993657183;8.019086122512817;52.291043400764465;
1315993657232;8.019086122512817;52.291043400764465;
1315993658185;8.019220232963562;52.29095757007599;
1315993658221;8.019220232963562;52.29095757007599;
1315993659208;8.019348978996277;52.29087173938751;
1315993659285;8.019348978996277;52.29087173938751;
1315993660179;8.019477725028992;52.290785908699036;
1315993660182;8.019477725028992;52.290785908699036;
1315993661202;8.019622564315796;52.29070007801056;
1315993661206;8.019622564315796;52.29070007801056;
1315993662140;8.01975667476654;52.29061424732208;
1315993662144;8.01975667476654;52.29061424732208;
1315993663179;8.019896149635315;52.290517687797546;
1315993663242;8.019896149635315;52.290517687797546;
1315993664241;8.02004098892212;52.29044795036316;
1315993664401;8.02004098892212;52.29044795036316;
1315993665185;8.020191192626953;52.29036748409271;
1315993665219;8.020191192626953;52.29036748409271;
1315993666175;8.020341396331787;52.290276288986206;
1315993666225;8.020341396331787;52.290276288986206;
1315993667179;8.020491600036621;52.2901850938797;
1315993667228;8.020491600036621;52.2901850938797;
1315993668150;8.020636439323425;52.29009926319122;
1315993668152;8.020636439323425;52.29009926319122;
1315993669198;8.02078127861023;52.29000806808472;
1315993669281;8.02078127861023;52.29000806808472;
1315993670209;8.020931482315063;52.28992223739624;
1315993670259;8.020931482315063;52.28992223739624;
1315993671180;8.021081686019897;52.289831042289734;
1315993671184;8.021081686019897;52.289831042289734;
1315993672246;8.021226525306702;52.28974521160126;
1315993672398;8.021226525306702;52.28974521160126;
1315993673233;8.021366000175476;52.28965938091278;
1315993673441;8.021366000175476;52.28965938091278;
1315993674205;8.02151620388031;52.289578914642334;
1315993674325;8.02151620388031;52.289578914642334;
1315993675167;8.021650314331055;52.28949308395386;
1315993675216;8.021650314331055;52.28949308395386;
1315993676187;8.021800518035889;52.28941261768341;
1315993676234;8.021800518035889;52.28941261768341;
1315993677209;8.021945357322693;52.289326786994934;
1315993677256;8.021945357322693;52.289326786994934;
1315993678164;8.022084832191467;52.28924632072449;
1315993678229;8.022084832191467;52.28924632072449;
1315993679186;8.022235035896301;52.28916049003601;
1315993679235;8.022235035896301;52.28916049003601;
1315993680188;8.022379875183105;52.289069294929504;
1315993680222;8.022379875183105;52.289069294929504;
1315993681177;8.02252471446991;52.28898882865906;
1315993681224;8.02252471446991;52.28898882865906;
1315993682181;8.022674918174744;52.28889763355255;
1315993682250;8.022674918174744;52.28889763355255;
1315993683185;8.022819757461548;52.288811802864075;
1315993683234;8.022819757461548;52.288811802864075;
1315993684174;8.022964596748352;52.2887259721756;
1315993684224;8.022964596748352;52.2887259721756;
1315993685196;8.023109436035156;52.28864550590515;
1315993685199;8.023109436035156;52.28864550590515;
1315993686216;8.02325427532196;52.288565039634705;
1315993686265;8.02325427532196;52.288565039634705;
1315993687171;8.023409843444824;52.2884738445282;
1315993687220;8.023409843444824;52.2884738445282;
1315993688245;8.023570775985718;52.28838264942169;
1315993688322;8.023570775985718;52.28838264942169;
1315993689181;8.023720979690552;52.288291454315186;
1315993689185;8.023720979690552;52.288291454315186;
1315993690172;8.023881912231445;52.28820025920868;
1315993690232;8.023881912231445;52.28820025920868;
1315993691141;8.024037480354309;52.28810906410217;
1315993691145;8.024037480354309;52.28810906410217;
1315993692205;8.024198412895203;52.28801786899567;
1315993692303;8.024198412895203;52.28801786899567;
1315993693183;8.024348616600037;52.28793203830719;
1315993693262;8.024348616600037;52.28793203830719;
1315993694170;8.024488091468811;52.28785157203674;
1315993694202;8.024488091468811;52.28785157203674;
1315993695208;8.024616837501526;52.287776470184326;
1315993695255;8.024616837501526;52.287776470184326;
1315993696178;8.024724125862122;52.28770136833191;
1315993696181;8.024724125862122;52.28770136833191;
1315993697184;8.024820685386658;52.28762626647949;
1315993697250;8.024820685386658;52.28762626647949;
1315993698193;8.024879693984985;52.28759407997131;
1315993698258;8.024879693984985;52.28759407997131;
1315993699179;8.024927973747253;52.287556529045105;
1315993699259;8.024927973747253;52.287556529045105;
1315993700164;8.024960160255432;52.28751361370087;
1315993700217;8.024960160255432;52.28751361370087;
1315993701153;8.024965524673462;52.28748142719269;
1315993701203;8.024965524673462;52.28748142719269;
1315993702198;8.024922609329224;52.28744924068451;
1315993702200;8.024922609329224;52.28744924068451;
1315993703212;8.024852871894836;52.28740096092224;
1315993703261;8.024852871894836;52.28740096092224;
1315993704197;8.02477777004242;52.28734731674194;
1315993704304;8.02477777004242;52.28734731674194;
1315993705185;8.024681210517883;52.28725612163544;
1315993705224;8.024681210517883;52.28725612163544;
1315993706224;8.024606108665466;52.28720784187317;
1315993706257;8.024606108665466;52.28720784187317;
1315993707181;8.024547100067139;52.2871595621109;
1315993707185;8.024547100067139;52.2871595621109;
1315993708157;8.02450954914093;52.28712737560272;
1315993708264;8.02450954914093;52.28712737560272;
1315993709205;8.024482727050781;52.287084460258484;
1315993709256;8.024482727050781;52.287084460258484;
1315993711403;8.024439811706543;52.28700935840607;
1315993711533;8.024439811706543;52.28700935840607;
1315993712186;8.024461269378662;52.287041544914246;
1315993712220;8.024461269378662;52.287041544914246;
1315993713327;8.024455904960632;52.28699862957001;
1315993713373;8.024455904960632;52.28699862957001;
1315993714198;8.024466633796692;52.28698790073395;
1315993714261;8.024466633796692;52.28698790073395;
1315993715200;8.024461269378662;52.28698790073395;
1315993715202;8.024461269378662;52.28698790073395;
1315993716195;8.024466633796692;52.28700399398804;
1315993716254;8.024466633796692;52.28700399398804;
1315993717159;8.024471998214722;52.28700935840607;
1315993717162;8.024471998214722;52.28700935840607;
1315993718198;8.024466633796692;52.2870147228241;
1315993718245;8.024466633796692;52.2870147228241;
1315993719170;8.024466633796692;52.28702008724213;
1315993719219;8.024466633796692;52.28702008724213;
1315993720190;8.024461269378662;52.28702008724213;
1315993720240;8.024461269378662;52.28702008724213;
1315993721178;8.024461269378662;52.28702008724213;
1315993721229;8.024461269378662;52.28702008724213;
1315993722183;8.024461269378662;52.28702008724213;
1315993722232;8.024461269378662;52.28702008724213;
1315993723208;8.024461269378662;52.2870147228241;
1315993723269;8.024461269378662;52.2870147228241;
1315993724192;8.024461269378662;52.28702008724213;
1315993724241;8.024461269378662;52.28702008724213;
1315993725200;8.024461269378662;52.2870147228241;
1315993725262;8.024461269378662;52.2870147228241;
1315993726201;8.024461269378662;52.2870147228241;
1315993726251;8.024461269378662;52.2870147228241;
1315993727193;8.024461269378662;52.2870147228241;
1315993727254;8.024461269378662;52.2870147228241;
1315993728195;8.024461269378662;52.2870147228241;
1315993728243;8.024461269378662;52.2870147228241;
1315993729198;8.024461269378662;52.2870147228241;
1315993729231;8.024461269378662;52.2870147228241;
1315993730322;8.024461269378662;52.2870147228241;
1315993730408;8.024461269378662;52.2870147228241;
1315993731191;8.024461269378662;52.2870147228241;
1315993731240;8.024461269378662;52.2870147228241;
1315993732229;8.024461269378662;52.2870147228241;
1315993732277;8.024461269378662;52.2870147228241;
1315993733201;8.024461269378662;52.2870147228241;
1315993733205;8.024461269378662;52.2870147228241;
1315993734197;8.024461269378662;52.2870147228241;
1315993734284;8.024461269378662;52.2870147228241;
1315993735223;8.024461269378662;52.2870147228241;
1315993735256;8.024461269378662;52.2870147228241;
1315993736196;8.024461269378662;52.2870147228241;
1315993736230;8.024461269378662;52.2870147228241;
1315993737204;8.024461269378662;52.2870147228241;
1315993737252;8.024461269378662;52.2870147228241;
1315993738190;8.024461269378662;52.2870147228241;
1315993738239;8.024461269378662;52.2870147228241;
1315993739185;8.024461269378662;52.2870147228241;
1315993739274;8.024461269378662;52.2870147228241;
1315993740184;8.024461269378662;52.2870147228241;
1315993740286;8.024461269378662;52.2870147228241;
1315993741186;8.024461269378662;52.2870147228241;
1315993741222;8.024461269378662;52.2870147228241;
1315993742192;8.024461269378662;52.2870147228241;
1315993742241;8.024461269378662;52.2870147228241;
1315993743186;8.024461269378662;52.2870147228241;
1315993743188;8.024461269378662;52.2870147228241;
1315993744168;8.024461269378662;52.2870147228241;
1315993744216;8.024461269378662;52.2870147228241;
1315993745141;8.024461269378662;52.2870147228241;
1315993745145;8.024461269378662;52.2870147228241;
1315993746177;8.024461269378662;52.2870147228241;
1315993746226;8.024461269378662;52.2870147228241;
1315993747181;8.024461269378662;52.2870147228241;
1315993747231;8.024461269378662;52.2870147228241;
1315993748185;8.024461269378662;52.2870147228241;
1315993748220;8.024461269378662;52.2870147228241;
1315993749174;8.024461269378662;52.2870147228241;
1315993749223;8.024461269378662;52.2870147228241;
1315993750212;8.024461269378662;52.2870147228241;
1315993750261;8.024461269378662;52.2870147228241;
1315993751184;8.024455904960632;52.28700935840607;
1315993751232;8.024455904960632;52.28700935840607;
1315993752190;8.024445176124573;52.28700399398804;
1315993752236;8.024445176124573;52.28700399398804;
1315993753177;8.024418354034424;52.28698790073395;
1315993753224;8.024418354034424;52.28698790073395;
1315993754180;8.024396896362305;52.28696644306183;
1315993754231;8.024396896362305;52.28696644306183;
1315993755140;8.024370074272156;52.28694498538971;
1315993755235;8.024370074272156;52.28694498538971;
1315993756190;8.024364709854126;52.28690207004547;
1315993756222;8.024364709854126;52.28690207004547;
1315993757267;8.024321794509888;52.286810874938965;
1315993757426;8.024321794509888;52.286810874938965;
1315993758199;8.02425742149353;52.28673040866852;
1315993758323;8.02425742149353;52.28673040866852;
1315993759172;8.024214506149292;52.2866553068161;
1315993759220;8.024214506149292;52.2866553068161;
1315993760175;8.024187684059143;52.286558747291565;
1315993760224;8.024187684059143;52.286558747291565;
1315993761241;8.024144768714905;52.28646755218506;
1315993761433;8.024144768714905;52.28646755218506;
1315993762168;8.024096488952637;52.28638172149658;
1315993762216;8.024096488952637;52.28638172149658;
1315993763189;8.02402675151825;52.286295890808105;
1315993763221;8.02402675151825;52.286295890808105;
1315993764211;8.024037480354309;52.28618323802948;
1315993764258;8.024037480354309;52.28618323802948;
1315993765181;8.023978471755981;52.286054491996765;
1315993765214;8.023978471755981;52.286054491996765;
1315993766209;8.02400529384613;52.28595793247223;
1315993766268;8.02400529384613;52.28595793247223;
1315993767164;8.0239999294281;52.28586673736572;
1315993767240;8.0239999294281;52.28586673736572;
1315993768179;8.0239999294281;52.285786271095276;
1315993768227;8.0239999294281;52.285786271095276;
1315993769165;8.023973107337952;52.28572726249695;
1315993769199;8.023973107337952;52.28572726249695;
1315993770187;8.023973107337952;52.28566825389862;
1315993770220;8.023973107337952;52.28566825389862;
1315993771192;8.023989200592041;52.28562533855438;
1315993771242;8.023989200592041;52.28562533855438;
1315993772181;8.02402675151825;52.285587787628174;
1315993772231;8.02402675151825;52.285587787628174;
1315993773201;8.024091124534607;52.285593152046204;
1315993773236;8.024091124534607;52.285593152046204;
1315993774188;8.024182319641113;52.285566329956055;
1315993774191;8.024182319641113;52.285566329956055;
1315993775304;8.0242520570755;52.285555601119995;
1315993775486;8.0242520570755;52.285555601119995;
1315993776183;8.024337887763977;52.285539507865906;
1315993776231;8.024337887763977;52.285539507865906;
1315993777189;8.024423718452454;52.285523414611816;
1315993777268;8.024423718452454;52.285523414611816;
1315993778174;8.024536371231079;52.28550732135773;
1315993778207;8.024536371231079;52.28550732135773;
1315993779196;8.024643659591675;52.2855019569397;
1315993779244;8.024643659591675;52.2855019569397;
1315993780184;8.02475094795227;52.28549659252167;
1315993780275;8.02475094795227;52.28549659252167;
1315993781172;8.024852871894836;52.28548586368561;
1315993781221;8.024852871894836;52.28548586368561;
1315993782178;8.024954795837402;52.28547513484955;
1315993782227;8.024954795837402;52.28547513484955;
1315993783181;8.025045990943909;52.28545904159546;
1315993783214;8.025045990943909;52.28545904159546;
1315993784171;8.025142550468445;52.28544294834137;
1315993784175;8.025142550468445;52.28544294834137;
1315993785155;8.025233745574951;52.28543221950531;
1315993785191;8.025233745574951;52.28543221950531;
1315993786130;8.025319576263428;52.28541612625122;
1315993786167;8.025319576263428;52.28541612625122;
1315993787152;8.025389313697815;52.28541076183319;
1315993787157;8.025389313697815;52.28541076183319;
1315993788188;8.025464415550232;52.28540003299713;
1315993788280;8.025464415550232;52.28540003299713;
1315993789160;8.02551805973053;52.2853946685791;
1315993789164;8.02551805973053;52.2853946685791;
1315993790229;8.025582432746887;52.28538930416107;
1315993790301;8.025582432746887;52.28538930416107;
1315993791185;8.025636076927185;52.28537857532501;
1315993791218;8.025636076927185;52.28537857532501;
1315993792164;8.025711178779602;52.28537321090698;
1315993792211;8.025711178779602;52.28537321090698;
1315993793160;8.0257648229599;52.28536784648895;
1315993793193;8.0257648229599;52.28536784648895;
1315993794183;8.025818467140198;52.28536784648895;
1315993794231;8.025818467140198;52.28536784648895;
1315993795171;8.025861382484436;52.28536784648895;
1315993795175;8.025861382484436;52.28536784648895;
1315993796174;8.025893568992615;52.28537321090698;
1315993796223;8.025893568992615;52.28537321090698;
1315993797180;8.025915026664734;52.28538393974304;
1315993797244;8.025915026664734;52.28538393974304;
1315993798173;8.025925755500793;52.2853946685791;
1315993798233;8.025925755500793;52.2853946685791;
1315993799156;8.025915026664734;52.28542149066925;
1315993799222;8.025915026664734;52.28542149066925;
1315993800171;8.025786280632019;52.28544294834137;
1315993800309;8.025786280632019;52.28544294834137;
1315993801181;8.025721907615662;52.28546977043152;
1315993801229;8.025721907615662;52.28546977043152;
1315993802153;8.025662899017334;52.28548586368561;
1315993802201;8.025662899017334;52.28548586368561;
1315993803189;8.025609254837036;52.28549659252167;
1315993803222;8.025609254837036;52.28549659252167;
1315993804133;8.025571703910828;52.28550732135773;
1315993804211;8.025571703910828;52.28550732135773;
1315993805166;8.025539517402649;52.285523414611816;
1315993805214;8.025539517402649;52.285523414611816;
1315993806172;8.02553415298462;52.285550236701965;
1315993806236;8.02553415298462;52.285550236701965;
1315993807160;8.02552878856659;52.285566329956055;
1315993807162;8.02552878856659;52.285566329956055;
1315993808180;8.02552342414856;52.285582423210144;
1315993808201;8.02552342414856;52.285582423210144;
1315993809156;8.02552878856659;52.28559851646423;
1315993809202;8.02552878856659;52.28559851646423;
1315993810189;8.02553415298462;52.28560388088226;
1315993810238;8.02553415298462;52.28560388088226;
1315993811162;8.02553415298462;52.28559851646423;
1315993811210;8.02553415298462;52.28559851646423;
1315993812198;8.02552878856659;52.28559851646423;
1315993812248;8.02552878856659;52.28559851646423;
1315993813174;8.02552878856659;52.285593152046204;
1315993813176;8.02552878856659;52.285593152046204;
1315993814175;8.02552878856659;52.285593152046204;
1315993814224;8.02552878856659;52.285593152046204;
1315993815243;8.02552878856659;52.285593152046204;
1315993815394;8.02552878856659;52.285593152046204;
1315993816283;8.02553415298462;52.28560924530029;
1315993816808;8.02553415298462;52.28560924530029;
1315993817120;8.025539517402649;52.28560924530029;
1315993817130;8.025539517402649;52.28560924530029;
1315993819108;8.025544881820679;52.28560924530029;
1315993819189;8.025544881820679;52.28560924530029;
1315993819201;8.025544881820679;52.28560924530029;
1315993819210;8.025544881820679;52.28560924530029;

