1316002746280;8.145149946212769;52.302539348602295;
1316002746297;8.145149946212769;52.302539348602295;
1316002747328;8.14536988735199;52.302507162094116;
1316002747397;8.14536988735199;52.302507162094116;
1316002748310;8.14562201499939;52.30246424674988;
1316002748342;8.14562201499939;52.30246424674988;
1316002749331;8.145895600318909;52.30241060256958;
1316002749359;8.145895600318909;52.30241060256958;
1316002750302;8.146147727966309;52.30237305164337;
1316002750307;8.146147727966309;52.30237305164337;
1316002751302;8.146399855613708;52.302303314208984;
1316002751307;8.146399855613708;52.302303314208984;
1316002752341;8.146662712097168;52.30222284793854;
1316002752356;8.146662712097168;52.30222284793854;
1316002753390;8.146989941596985;52.30217456817627;
1316002753570;8.146989941596985;52.30217456817627;
1316002754349;8.147274255752563;52.30211555957794;
1316002754353;8.147274255752563;52.30211555957794;
1316002755325;8.147580027580261;52.302051186561584;
1316002755375;8.147580027580261;52.302051186561584;
1316002756309;8.14788043498993;52.3019814491272;
1316002756326;8.14788043498993;52.3019814491272;
1316002757335;8.148186206817627;52.30191707611084;
1316002757362;8.148186206817627;52.30191707611084;
1316002758334;8.148491978645325;52.30185806751251;
1316002758339;8.148491978645325;52.30185806751251;
1316002759322;8.148797750473022;52.301804423332214;
1316002759327;8.148797750473022;52.301804423332214;
1316002760311;8.14912497997284;52.30175077915192;
1316002760316;8.14912497997284;52.30175077915192;
1316002761356;8.149436116218567;52.30170249938965;
1316002761363;8.149436116218567;52.30170249938965;
1316002762321;8.149768710136414;52.30165421962738;
1316002762337;8.149768710136414;52.30165421962738;
1316002763347;8.1500905752182;52.30161130428314;
1316002763373;8.1500905752182;52.30161130428314;
1316002764378;8.150423169136047;52.30157911777496;
1316002764394;8.150423169136047;52.30157911777496;
1316002765324;8.150745034217834;52.301541566848755;
1316002765326;8.150745034217834;52.301541566848755;
1316002766307;8.151066899299622;52.30148792266846;
1316002766344;8.151066899299622;52.30148792266846;
1316002767302;8.151383399963379;52.30145037174225;
1316002767327;8.151383399963379;52.30145037174225;
1316002768288;8.151705265045166;52.30140209197998;
1316002768332;8.151705265045166;52.30140209197998;
1316002769287;8.152032494544983;52.30135917663574;
1316002769302;8.152032494544983;52.30135917663574;
1316002770309;8.1523597240448;52.301310896873474;
1316002770341;8.1523597240448;52.301310896873474;
1316002771328;8.152670860290527;52.301267981529236;
1316002771332;8.152670860290527;52.301267981529236;
1316002772304;8.152992725372314;52.30123043060303;
1316002772337;8.152992725372314;52.30123043060303;
1316002773291;8.153319954872131;52.30120360851288;
1316002773294;8.153319954872131;52.30120360851288;
1316002774281;8.153647184371948;52.30118215084076;
1316002774285;8.153647184371948;52.30118215084076;
1316002775298;8.153969049453735;52.3011714220047;
1316002775302;8.153969049453735;52.3011714220047;
1316002776324;8.154285550117493;52.30116605758667;
1316002776368;8.154285550117493;52.30116605758667;
1316002777294;8.15461277961731;52.3011714220047;
1316002777324;8.15461277961731;52.3011714220047;
1316002778283;8.154929280281067;52.30118751525879;
1316002778289;8.154929280281067;52.30118751525879;
1316002779282;8.155256509780884;52.30120360851288;
1316002779286;8.155256509780884;52.30120360851288;
1316002780310;8.155573010444641;52.30121433734894;
1316002780335;8.155573010444641;52.30121433734894;
1316002781296;8.155884146690369;52.30123043060303;
1316002781324;8.155884146690369;52.30123043060303;
1316002782341;8.156200647354126;52.30124652385712;
1316002782432;8.156200647354126;52.30124652385712;
1316002783288;8.156490325927734;52.30124652385712;
1316002783317;8.156490325927734;52.30124652385712;
1316002784334;8.156806826591492;52.301267981529236;
1316002784448;8.156806826591492;52.301267981529236;
1316002785316;8.157123327255249;52.301284074783325;
1316002785361;8.157123327255249;52.301284074783325;
1316002786299;8.157455921173096;52.301289439201355;
1316002786304;8.157455921173096;52.301289439201355;
1316002787383;8.157745599746704;52.301316261291504;
1316002787488;8.157745599746704;52.301316261291504;
1316002788307;8.158072829246521;52.30134308338165;
1316002788335;8.158072829246521;52.30134308338165;
1316002789339;8.15836250782013;52.30134308338165;
1316002789394;8.15836250782013;52.30134308338165;
1316002790305;8.158689737319946;52.3013699054718;
1316002790335;8.158689737319946;52.3013699054718;
1316002791326;8.158936500549316;52.30138063430786;
1316002791360;8.158936500549316;52.30138063430786;
1316002792386;8.15909206867218;52.30138599872589;
1316002792483;8.15909206867218;52.30138599872589;
1316002793313;8.159285187721252;52.30138063430786;
1316002793315;8.159285187721252;52.30138063430786;
1316002794322;8.159430027008057;52.30136454105377;
1316002794356;8.159430027008057;52.30136454105377;
1316002795323;8.15957486629486;52.30134844779968;
1316002795327;8.15957486629486;52.30134844779968;
1316002796334;8.159698247909546;52.30133235454559;
1316002796378;8.159698247909546;52.30133235454559;
1316002797315;8.15982699394226;52.301305532455444;
1316002797317;8.15982699394226;52.301305532455444;
1316002798308;8.159971833229065;52.301284074783325;
1316002798335;8.159971833229065;52.301284074783325;
1316002799308;8.160138130187988;52.301273345947266;
1316002799312;8.160138130187988;52.301273345947266;
1316002800363;8.16032588481903;52.30123043060303;
1316002800635;8.16032588481903;52.30123043060303;
1316002801334;8.160519003868103;52.30119287967682;
1316002801338;8.160519003868103;52.30119287967682;
1316002802335;8.160706758499146;52.30115532875061;
1316002802397;8.160706758499146;52.30115532875061;
1316002803331;8.160953521728516;52.30111241340637;
1316002803361;8.160953521728516;52.30111241340637;
1316002804303;8.161178827285767;52.301069498062134;
1316002804337;8.161178827285767;52.301069498062134;
1316002805328;8.161398768424988;52.301037311553955;
1316002805392;8.161398768424988;52.301037311553955;
1316002806293;8.16160798072815;52.30099439620972;
1316002806325;8.16160798072815;52.30099439620972;
1316002807295;8.161811828613281;52.30096220970154;
1316002807297;8.161811828613281;52.30096220970154;
1316002808326;8.161978125572205;52.30094611644745;
1316002808478;8.161978125572205;52.30094611644745;
1316002809304;8.16209614276886;52.30093538761139;
1316002809308;8.16209614276886;52.30093538761139;
1316002810284;8.16261112689972;52.30083346366882;
1316002810309;8.16261112689972;52.30083346366882;
1316002811301;8.162906169891357;52.300790548324585;
1316002811332;8.162906169891357;52.300790548324585;
1316002812302;8.163190484046936;52.30075299739838;
1316002812318;8.163190484046936;52.30075299739838;
1316002813311;8.163474798202515;52.30070471763611;
1316002813357;8.163474798202515;52.30070471763611;
1316002814295;8.163753747940063;52.30065643787384;
1316002814299;8.163753747940063;52.30065643787384;
1316002815304;8.16407024860382;52.30059742927551;
1316002815333;8.16407024860382;52.30059742927551;
1316002816288;8.1643545627594;52.300559878349304;
1316002816304;8.1643545627594;52.300559878349304;
1316002817340;8.164628148078918;52.300538420677185;
1316002817374;8.164628148078918;52.300538420677185;
1316002818296;8.164912462234497;52.300527691841125;
1316002818300;8.164912462234497;52.300527691841125;
1316002819347;8.165223598480225;52.300559878349304;
1316002819417;8.165223598480225;52.300559878349304;
1316002820290;8.165513277053833;52.30059742927551;
1316002820323;8.165513277053833;52.30059742927551;
1316002821306;8.165813684463501;52.30062961578369;
1316002821326;8.165813684463501;52.30062961578369;
1316002822283;8.166119456291199;52.30065643787384;
1316002822316;8.166119456291199;52.30065643787384;
1316002823319;8.166430592536926;52.30068862438202;
1316002823323;8.166430592536926;52.30068862438202;
1316002824311;8.166736364364624;52.3007208108902;
1316002824340;8.166736364364624;52.3007208108902;
1316002825322;8.167042136192322;52.30075299739838;
1316002825329;8.167042136192322;52.30075299739838;
1316002826320;8.167364001274109;52.300785183906555;
1316002826349;8.167364001274109;52.300785183906555;
1316002827288;8.167691230773926;52.300822734832764;
1316002827292;8.167691230773926;52.300822734832764;
1316002828297;8.168018460273743;52.30084955692291;
1316002828330;8.168018460273743;52.30084955692291;
1316002829297;8.1683349609375;52.30088174343109;
1316002829301;8.1683349609375;52.30088174343109;
1316002830306;8.168656826019287;52.30091392993927;
1316002830351;8.168656826019287;52.30091392993927;
1316002831295;8.168967962265015;52.30095148086548;
1316002831344;8.168967962265015;52.30095148086548;
1316002832282;8.169273734092712;52.30098366737366;
1316002832286;8.169273734092712;52.30098366737366;
1316002833284;8.16958487033844;52.301015853881836;
1316002833300;8.16958487033844;52.301015853881836;
1316002834307;8.169901371002197;52.301042675971985;
1316002834336;8.169901371002197;52.301042675971985;
1316002835293;8.170207142829895;52.301074862480164;
1316002835309;8.170207142829895;52.301074862480164;
1316002836312;8.170512914657593;52.30111241340637;
1316002836315;8.170512914657593;52.30111241340637;
1316002837305;8.17081332206726;52.30114459991455;
1316002837338;8.17081332206726;52.30114459991455;
1316002838305;8.171124458312988;52.30119287967682;
1316002838307;8.171124458312988;52.30119287967682;
1316002839315;8.171435594558716;52.30124115943909;
1316002839345;8.171435594558716;52.30124115943909;
1316002840298;8.171741366386414;52.301289439201355;
1316002840300;8.171741366386414;52.301289439201355;
1316002841307;8.172047138214111;52.30134308338165;
1316002841340;8.172047138214111;52.30134308338165;
1316002842292;8.172358274459839;52.30139672756195;
1316002842296;8.172358274459839;52.30139672756195;
1316002843300;8.172664046287537;52.30145573616028;
1316002843304;8.172664046287537;52.30145573616028;
1316002845265;8.173275589942932;52.301568388938904;
1316002845338;8.173275589942932;52.301568388938904;
1316002846295;8.17358672618866;52.30162739753723;
1316002846358;8.17358672618866;52.30162739753723;
1316002847330;8.173876404762268;52.30168104171753;
1316002847334;8.173876404762268;52.30168104171753;
1316002848340;8.174225091934204;52.30174005031586;
1316002848372;8.174225091934204;52.30174005031586;
1316002849306;8.174536228179932;52.301809787750244;
1316002849311;8.174536228179932;52.301809787750244;
1316002850313;8.174868822097778;52.30185270309448;
1316002850345;8.174868822097778;52.30185270309448;
1316002851333;8.175222873687744;52.30190634727478;
1316002851338;8.175222873687744;52.30190634727478;
1316002852329;8.17558765411377;52.30195999145508;
1316002852369;8.17558765411377;52.30195999145508;
1316002853308;8.175995349884033;52.302008271217346;
1316002853312;8.175995349884033;52.302008271217346;
1316002854335;8.176429867744446;52.302056550979614;
1316002854378;8.176429867744446;52.302056550979614;
1316002855302;8.176875114440918;52.302024364471436;
1316002855334;8.176875114440918;52.302024364471436;
1316002856328;8.17731499671936;52.30214238166809;
1316002856354;8.17731499671936;52.30214238166809;
1316002857349;8.177481293678284;52.302303314208984;
1316002857425;8.177481293678284;52.302303314208984;
1316002858319;8.177754878997803;52.30241596698761;
1316002858347;8.177754878997803;52.30241596698761;
1316002859305;8.178001642227173;52.30259299278259;
1316002859335;8.178001642227173;52.30259299278259;
1316002860345;8.178200125694275;52.30270564556122;
1316002860373;8.178200125694275;52.30270564556122;
1316002861297;8.178398609161377;52.302807569503784;
1316002861330;8.178398609161377;52.302807569503784;
1316002862272;8.178602457046509;52.30290949344635;
1316002862305;8.178602457046509;52.30290949344635;
1316002863273;8.17882239818573;52.303043603897095;
1316002863306;8.17882239818573;52.303043603897095;
1316002864298;8.17907989025116;52.30319917201996;
1316002864325;8.17907989025116;52.30319917201996;
1316002865299;8.1793212890625;52.3033332824707;
1316002865334;8.1793212890625;52.3033332824707;
1316002866301;8.179610967636108;52.30346739292145;
1316002866317;8.179610967636108;52.30346739292145;
1316002867292;8.179889917373657;52.303569316864014;
1316002867326;8.179889917373657;52.303569316864014;
1316002868343;8.180179595947266;52.30366587638855;
1316002868359;8.180179595947266;52.30366587638855;
1316002869303;8.180463910102844;52.303773164749146;
1316002869332;8.180463910102844;52.303773164749146;
1316002870286;8.180742859840393;52.30387508869171;
1316002870289;8.180742859840393;52.30387508869171;
1316002871280;8.18107008934021;52.30397164821625;
1316002871284;8.18107008934021;52.30397164821625;
1316002872296;8.181413412094116;52.304068207740784;
1316002872301;8.181413412094116;52.304068207740784;
1316002873306;8.181735277175903;52.30416476726532;
1316002873366;8.181735277175903;52.30416476726532;
1316002874273;8.182035684585571;52.30423986911774;
1316002874306;8.182035684585571;52.30423986911774;
1316002875282;8.182346820831299;52.304314970970154;
1316002875316;8.182346820831299;52.304314970970154;
1316002876284;8.182663321495056;52.3043954372406;
1316002876317;8.182663321495056;52.3043954372406;
1316002877319;8.182969093322754;52.30446517467499;
1316002877321;8.182969093322754;52.30446517467499;
1316002878294;8.183285593986511;52.304551005363464;
1316002878309;8.183285593986511;52.304551005363464;
1316002879295;8.183591365814209;52.30462074279785;
1316002879300;8.183591365814209;52.30462074279785;
1316002880272;8.183881044387817;52.30469048023224;
1316002880302;8.183881044387817;52.30469048023224;
1316002881288;8.184197545051575;52.30474412441254;
1316002881293;8.184197545051575;52.30474412441254;
1316002882281;8.184503316879272;52.304792404174805;
1316002882285;8.184503316879272;52.304792404174805;
1316002883281;8.18483054637909;52.30483531951904;
1316002883297;8.18483054637909;52.30483531951904;
1316002884307;8.185173869132996;52.30484068393707;
1316002884352;8.185173869132996;52.30484068393707;
1316002885312;8.185517191886902;52.30482995510101;
1316002885317;8.185517191886902;52.30482995510101;
1316002886301;8.185881972312927;52.304803133010864;
1316002886344;8.185881972312927;52.304803133010864;
1316002887283;8.186219930648804;52.304770946502686;
1316002887300;8.186219930648804;52.304770946502686;
1316002888294;8.18654716014862;52.304749488830566;
1316002888296;8.18654716014862;52.304749488830566;
1316002889296;8.186895847320557;52.30474412441254;
1316002889324;8.186895847320557;52.30474412441254;
1316002890296;8.187233805656433;52.30474412441254;
1316002890313;8.187233805656433;52.30474412441254;
1316002891289;8.18755567073822;52.304749488830566;
1316002891333;8.18755567073822;52.304749488830566;
1316002892289;8.187898993492126;52.304760217666626;
1316002892305;8.187898993492126;52.304760217666626;
1316002893315;8.188220858573914;52.304770946502686;
1316002893351;8.188220858573914;52.304770946502686;
1316002894281;8.18855881690979;52.304776310920715;
1316002894284;8.18855881690979;52.304776310920715;
1316002895289;8.188886046409607;52.304787039756775;
1316002895321;8.188886046409607;52.304787039756775;
1316002896274;8.189224004745483;52.304792404174805;
1316002896291;8.189224004745483;52.304792404174805;
1316002897299;8.18956732749939;52.304813861846924;
1316002897332;8.18956732749939;52.304813861846924;
1316002898284;8.189916014671326;52.30484068393707;
1316002898289;8.189916014671326;52.30484068393707;
1316002899292;8.190270066261292;52.30486750602722;
1316002899337;8.190270066261292;52.30486750602722;
1316002900294;8.190608024597168;52.30488359928131;
1316002900311;8.190608024597168;52.30488359928131;
1316002901302;8.190951347351074;52.30490505695343;
1316002901329;8.190951347351074;52.30490505695343;
1316002902290;8.19130539894104;52.30492115020752;
1316002902334;8.19130539894104;52.30492115020752;
1316002903296;8.191621899604797;52.30494260787964;
1316002903324;8.191621899604797;52.30494260787964;
1316002904280;8.191927671432495;52.30493724346161;
1316002904313;8.191927671432495;52.30493724346161;
1316002905299;8.192222714424133;52.30494797229767;
1316002905301;8.192222714424133;52.30494797229767;
1316002906292;8.19255530834198;52.30496406555176;
1316002906324;8.19255530834198;52.30496406555176;
1316002907292;8.192871809005737;52.30498552322388;
1316002907294;8.192871809005737;52.30498552322388;
1316002908301;8.193204402923584;52.305006980895996;
1316002908305;8.193204402923584;52.305006980895996;
1316002909284;8.193515539169312;52.305012345314026;
1316002909289;8.193515539169312;52.305012345314026;
1316002910311;8.193848133087158;52.305039167404175;
1316002910354;8.193848133087158;52.305039167404175;
1316002911293;8.194164633750916;52.305044531822205;
1316002911295;8.194164633750916;52.305044531822205;
1316002912270;8.194518685340881;52.305060625076294;
1316002912318;8.194518685340881;52.305060625076294;
1316002913287;8.194851279258728;52.30508744716644;
1316002913291;8.194851279258728;52.30508744716644;
1316002914315;8.195189237594604;52.30511426925659;
1316002914322;8.195189237594604;52.30511426925659;
1316002915281;8.195516467094421;52.30513572692871;
1316002915297;8.195516467094421;52.30513572692871;
1316002916326;8.195838332176208;52.30514109134674;
1316002916382;8.195838332176208;52.30514109134674;
1316002917307;8.196165561676025;52.3051518201828;
1316002917338;8.196165561676025;52.3051518201828;
1316002918284;8.196492791175842;52.30516791343689;
1316002918286;8.196492791175842;52.30516791343689;
1316002919297;8.196830749511719;52.30518937110901;
1316002919313;8.196830749511719;52.30518937110901;
1316002920302;8.197147250175476;52.30520009994507;
1316002920306;8.197147250175476;52.30520009994507;
1316002921312;8.197469115257263;52.30521082878113;
1316002921341;8.197469115257263;52.30521082878113;
1316002922278;8.197823166847229;52.30522155761719;
1316002922280;8.197823166847229;52.30522155761719;
1316002923271;8.198134303092957;52.30523228645325;
1316002923306;8.198134303092957;52.30523228645325;
1316002924289;8.198482990264893;52.305248379707336;
1316002924304;8.198482990264893;52.305248379707336;
1316002925292;8.198761940002441;52.305259108543396;
1316002925297;8.198761940002441;52.305259108543396;
1316002926296;8.199099898338318;52.305264472961426;
1316002926299;8.199099898338318;52.305264472961426;
1316002927306;8.199437856674194;52.305280566215515;
1316002927334;8.199437856674194;52.305280566215515;
1316002928291;8.199738264083862;52.305280566215515;
1316002928324;8.199738264083862;52.305280566215515;
1316002929295;8.20004403591156;52.305291295051575;
1316002929326;8.20004403591156;52.305291295051575;
1316002930314;8.200376629829407;52.305280566215515;
1316002930331;8.200376629829407;52.305280566215515;
1316002931304;8.200698494911194;52.305264472961426;
1316002931308;8.200698494911194;52.305264472961426;
1316002932331;8.201020359992981;52.30521619319916;
1316002932378;8.201020359992981;52.30521619319916;
1316002933312;8.201347589492798;52.30517327785492;
1316002933316;8.201347589492798;52.30517327785492;
1316002934304;8.201674818992615;52.30513572692871;
1316002934339;8.201674818992615;52.30513572692871;
1316002935289;8.201980590820313;52.30509281158447;
1316002935306;8.201980590820313;52.30509281158447;
1316002936297;8.20229709148407;52.305060625076294;
1316002936347;8.20229709148407;52.305060625076294;
1316002937282;8.202602863311768;52.305033802986145;
1316002937287;8.202602863311768;52.305033802986145;
1316002938309;8.202908635139465;52.305001616477966;
1316002938334;8.202908635139465;52.305001616477966;
1316002939291;8.203214406967163;52.30496942996979;
1316002939325;8.203214406967163;52.30496942996979;
1316002940335;8.20352017879486;52.30493724346161;
1316002940403;8.20352017879486;52.30493724346161;
1316002941304;8.203815221786499;52.30490505695343;
1316002941336;8.203815221786499;52.30490505695343;
1316002942287;8.204104900360107;52.30487287044525;
1316002942291;8.204104900360107;52.30487287044525;
1316002943279;8.204394578933716;52.30484068393707;
1316002943284;8.204394578933716;52.30484068393707;
1316002944297;8.204673528671265;52.304813861846924;
1316002944301;8.204673528671265;52.304813861846924;
1316002945273;8.204936385154724;52.304797768592834;
1316002945305;8.204936385154724;52.304797768592834;
1316002946290;8.205209970474243;52.304787039756775;
1316002946294;8.205209970474243;52.304787039756775;
1316002947282;8.205462098121643;52.304781675338745;
1316002947288;8.205462098121643;52.304781675338745;
1316002948283;8.205719590187073;52.304787039756775;
1316002948316;8.205719590187073;52.304787039756775;
1316002949291;8.205987811088562;52.304803133010864;
1316002949299;8.205987811088562;52.304803133010864;
1316002950276;8.20627748966217;52.30483531951904;
1316002950308;8.20627748966217;52.30483531951904;
1316002951300;8.20654571056366;52.30485141277313;
1316002951346;8.20654571056366;52.30485141277313;
1316002952284;8.206819295883179;52.30487287044525;
1316002952288;8.206819295883179;52.30487287044525;
1316002953335;8.207092881202698;52.30489432811737;
1316002953371;8.207092881202698;52.30489432811737;
1316002954383;8.207371830940247;52.30491042137146;
1316002954474;8.207371830940247;52.30491042137146;
1316002955330;8.207666873931885;52.30493724346161;
1316002955334;8.207666873931885;52.30493724346161;
1316002956321;8.207988739013672;52.30496406555176;
1316002956368;8.207988739013672;52.30496406555176;
1316002957308;8.208171129226685;52.30499625205994;
1316002957324;8.208171129226685;52.30499625205994;
1316002958333;8.208466172218323;52.305017709732056;
1316002958383;8.208466172218323;52.305017709732056;
1316002959299;8.208755850791931;52.305039167404175;
1316002959316;8.208755850791931;52.305039167404175;
1316002960369;8.20904552936554;52.305060625076294;
1316002960456;8.20904552936554;52.305060625076294;
1316002961309;8.209324479103088;52.30507671833038;
1316002961326;8.209324479103088;52.30507671833038;
1316002962317;8.209598064422607;52.30508744716644;
1316002962351;8.209598064422607;52.30508744716644;
1316002963302;8.209914565086365;52.30508744716644;
1316002963318;8.209914565086365;52.30508744716644;
1316002964387;8.210220336914063;52.30508208274841;
1316002964422;8.210220336914063;52.30508208274841;
1316002965295;8.210510015487671;52.30507135391235;
1316002965312;8.210510015487671;52.30507135391235;
1316002966321;8.21079969406128;52.305060625076294;
1316002966347;8.21079969406128;52.305060625076294;
1316002967304;8.211105465888977;52.305055260658264;
1316002967310;8.211105465888977;52.305055260658264;
1316002968328;8.211405873298645;52.305044531822205;
1316002968356;8.211405873298645;52.305044531822205;
1316002969300;8.211700916290283;52.305033802986145;
1316002969330;8.211700916290283;52.305033802986145;
1316002970354;8.211990594863892;52.305028438568115;
1316002970452;8.211990594863892;52.305028438568115;
1316002971356;8.21229636669159;52.305006980895996;
1316002971387;8.21229636669159;52.305006980895996;
1316002972309;8.212575316429138;52.305001616477966;
1316002972313;8.212575316429138;52.305001616477966;
1316002973318;8.212859630584717;52.30498552322388;
1316002973351;8.212859630584717;52.30498552322388;
1316002974301;8.213143944740295;52.30497479438782;
1316002974318;8.213143944740295;52.30497479438782;
1316002975328;8.213406801223755;52.30497479438782;
1316002975362;8.213406801223755;52.30497479438782;
1316002976311;8.213755488395691;52.30492115020752;
1316002976316;8.213755488395691;52.30492115020752;
1316002977338;8.21401834487915;52.30482459068298;
1316002977364;8.21401834487915;52.30482459068298;
1316002978305;8.21429193019867;52.30474412441254;
1316002978322;8.21429193019867;52.30474412441254;
1316002979341;8.21453869342804;52.30467438697815;
1316002979357;8.21453869342804;52.30467438697815;
1316002980315;8.21479082107544;52.3045939207077;
1316002980347;8.21479082107544;52.3045939207077;
1316002981384;8.215053677558899;52.304513454437256;
1316002981590;8.215053677558899;52.304513454437256;
1316002982377;8.21528971195221;52.30442762374878;
1316002982549;8.21528971195221;52.30442762374878;
1316002983326;8.21552574634552;52.30435252189636;
1316002983343;8.21552574634552;52.30435252189636;
1316002984303;8.21578323841095;52.304282784461975;
1316002984333;8.21578323841095;52.304282784461975;
1316002985303;8.21604073047638;52.30422377586365;
1316002985320;8.21604073047638;52.30422377586365;
1316002986328;8.216308951377869;52.30416476726532;
1316002986363;8.216308951377869;52.30416476726532;
1316002987313;8.21654498577118;52.30411112308502;
1316002987317;8.21654498577118;52.30411112308502;
1316002988322;8.2167649269104;52.304052114486694;
1316002988326;8.2167649269104;52.304052114486694;
1316002989305;8.2170170545578;52.304057478904724;
1316002989338;8.2170170545578;52.304057478904724;
1316002990298;8.217247724533081;52.30408430099487;
1316002990342;8.217247724533081;52.30408430099487;
1316002991318;8.217494487762451;52.3039984703064;
1316002991349;8.217494487762451;52.3039984703064;
1316002992369;8.21778416633606;52.3039448261261;
1316002992417;8.21778416633606;52.3039448261261;
1316002993310;8.218148946762085;52.30388581752777;
1316002993340;8.218148946762085;52.30388581752777;
1316002994329;8.218422532081604;52.3038375377655;
1316002994333;8.218422532081604;52.3038375377655;
1316002995321;8.21876049041748;52.303773164749146;
1316002995368;8.21876049041748;52.303773164749146;
1316002996294;8.219034075737;52.30371415615082;
1316002996320;8.219034075737;52.30371415615082;
1316002997312;8.219339847564697;52.3036390542984;
1316002997343;8.219339847564697;52.3036390542984;
1316002998313;8.219624161720276;52.303547859191895;
1316002998318;8.219624161720276;52.303547859191895;
1316002999303;8.219897747039795;52.303547859191895;
1316002999336;8.219897747039795;52.303547859191895;
1316003000378;8.220214247703552;52.30349957942963;
1316003000508;8.220214247703552;52.30349957942963;
1316003001333;8.220434188842773;52.3034942150116;
1316003001339;8.220434188842773;52.3034942150116;
1316003002299;8.220702409744263;52.303510308265686;
1316003002303;8.220702409744263;52.303510308265686;
1316003003351;8.220992088317871;52.30349957942963;
1316003003434;8.220992088317871;52.30349957942963;
1316003004275;8.22128176689148;52.30347812175751;
1316003004292;8.22128176689148;52.30347812175751;
1316003005318;8.221603631973267;52.30345129966736;
1316003005344;8.221603631973267;52.30345129966736;
1316003006284;8.221930861473083;52.30341374874115;
1316003006301;8.221930861473083;52.30341374874115;
1316003007311;8.22224736213684;52.30338156223297;
1316003007337;8.22224736213684;52.30338156223297;
1316003008353;8.222542405128479;52.30336546897888;
1316003008517;8.222542405128479;52.30336546897888;
1316003009309;8.222955465316772;52.303311824798584;
1316003009312;8.222955465316772;52.303311824798584;
1316003012293;8.223427534103394;52.3033332824707;
1316003012361;8.223427534103394;52.3033332824707;
1316003013346;8.223599195480347;52.30336546897888;
1316003013413;8.223599195480347;52.30336546897888;
1316003014287;8.22376549243927;52.30334401130676;
1316003014348;8.22376549243927;52.30334401130676;
1316003015292;8.22403371334076;52.3033332824707;
1316003015296;8.22403371334076;52.3033332824707;
1316003016296;8.22428047657013;52.303317189216614;
1316003016298;8.22428047657013;52.303317189216614;
1316003017270;8.22453260421753;52.303301095962524;
1316003017388;8.22453260421753;52.303301095962524;
1316003018307;8.224827647209167;52.303279638290405;
1316003018312;8.224827647209167;52.303279638290405;
1316003019294;8.225090503692627;52.303258180618286;
1316003019299;8.225090503692627;52.303258180618286;
1316003020304;8.225342631340027;52.3032420873642;
1316003020394;8.225342631340027;52.3032420873642;
1316003021335;8.225610852241516;52.30322062969208;
1316003021351;8.225610852241516;52.30322062969208;
1316003022307;8.225830793380737;52.30319917201996;
1316003022310;8.225830793380737;52.30319917201996;
1316003023281;8.226088285446167;52.30319380760193;
1316003023314;8.226088285446167;52.30319380760193;
1316003024274;8.226345777511597;52.30319380760193;
1316003024300;8.226345777511597;52.30319380760193;
1316003025294;8.226592540740967;52.30318307876587;
1316003025338;8.226592540740967;52.30318307876587;
1316003026276;8.226839303970337;52.30317234992981;
1316003026278;8.226839303970337;52.30317234992981;
1316003027310;8.227086067199707;52.30315625667572;
1316003027349;8.227086067199707;52.30315625667572;
1316003028287;8.227316737174988;52.3031347990036;
1316003028320;8.227316737174988;52.3031347990036;
1316003029320;8.227542042732239;52.30312407016754;
1316003029330;8.227542042732239;52.30312407016754;
1316003030295;8.22777271270752;52.30310261249542;
1316003030357;8.22777271270752;52.30310261249542;
1316003031272;8.227976560592651;52.303065061569214;
1316003031322;8.227976560592651;52.303065061569214;
1316003032272;8.228185772895813;52.303043603897095;
1316003032305;8.228185772895813;52.303043603897095;
1316003033279;8.228394985198975;52.303022146224976;
1316003033316;8.228394985198975;52.303022146224976;
1316003034282;8.228609561920166;52.303006052970886;
1316003034314;8.228609561920166;52.303006052970886;
1316003035289;8.228797316551208;52.303000688552856;
1316003035320;8.228797316551208;52.303000688552856;
1316003036311;8.2290118932724;52.30299532413483;
1316003036359;8.2290118932724;52.30299532413483;
1316003037310;8.229205012321472;52.303000688552856;
1316003037326;8.229205012321472;52.303000688552856;
1316003038320;8.229317665100098;52.303065061569214;
1316003038371;8.229317665100098;52.303065061569214;
1316003039320;8.229467868804932;52.30311334133148;
1316003039325;8.229467868804932;52.30311334133148;
1316003040327;8.229623436927795;52.30317234992981;
1316003040364;8.229623436927795;52.30317234992981;
1316003041312;8.22977364063263;52.3032420873642;
1316003041316;8.22977364063263;52.3032420873642;
1316003042305;8.229923844337463;52.303306460380554;
1316003042339;8.229923844337463;52.303306460380554;
1316003043305;8.230084776878357;52.303386926651;
1316003043309;8.230084776878357;52.303386926651;
1316003044282;8.230224251747131;52.30341911315918;
1316003044329;8.230224251747131;52.30341911315918;
1316003045297;8.230395913124084;52.30347275733948;
1316003045301;8.230395913124084;52.30347275733948;
1316003046324;8.230578303337097;52.30348348617554;
1316003046367;8.230578303337097;52.30348348617554;
1316003047291;8.23076069355011;52.30348885059357;
1316003047295;8.23076069355011;52.30348885059357;
1316003048334;8.2310289144516;52.30345666408539;
1316003048341;8.2310289144516;52.30345666408539;
1316003049285;8.231222033500671;52.30342984199524;
1316003049317;8.231222033500671;52.30342984199524;
1316003050337;8.231420516967773;52.30340838432312;
1316003050341;8.231420516967773;52.30340838432312;
1316003051316;8.231602907180786;52.30339229106903;
1316003051406;8.231602907180786;52.30339229106903;
1316003052320;8.231785297393799;52.30339765548706;
1316003052346;8.231785297393799;52.30339765548706;
1316003053285;8.231951594352722;52.30341911315918;
1316003053319;8.231951594352722;52.30341911315918;
1316003054332;8.232128620147705;52.3034405708313;
1316003054355;8.232128620147705;52.3034405708313;
1316003055295;8.232305645942688;52.30347275733948;
1316003055328;8.232305645942688;52.30347275733948;
1316003056314;8.232471942901611;52.30349957942963;
1316003056331;8.232471942901611;52.30349957942963;
1316003057321;8.232606053352356;52.30348885059357;
1316003057338;8.232606053352356;52.30348885059357;
1316003058324;8.23277235031128;52.30345666408539;
1316003058327;8.23277235031128;52.30345666408539;
1316003059300;8.232901096343994;52.30340838432312;
1316003059333;8.232901096343994;52.30340838432312;
1316003060333;8.23301911354065;52.30334401130676;
1316003060337;8.23301911354065;52.30334401130676;
1316003061323;8.233110308647156;52.303263545036316;
1316003061356;8.233110308647156;52.303263545036316;
1316003062295;8.233174681663513;52.30316698551178;
1316003062344;8.233174681663513;52.30316698551178;
1316003063310;8.2332444190979;52.3030811548233;
1316003063363;8.2332444190979;52.3030811548233;
1316003064301;8.233367800712585;52.303011417388916;
1316003064303;8.233367800712585;52.303011417388916;
1316003065311;8.233475089073181;52.30294167995453;
1316003065345;8.233475089073181;52.30294167995453;
1316003066278;8.233598470687866;52.30288803577423;
1316003066294;8.233598470687866;52.30288803577423;
1316003067322;8.23375403881073;52.30285584926605;
1316003067365;8.23375403881073;52.30285584926605;
1316003068288;8.233914971351624;52.30282366275787;
1316003068304;8.233914971351624;52.30282366275787;
1316003069335;8.234097361564636;52.302802205085754;
1316003069406;8.234097361564636;52.302802205085754;
1316003070280;8.234295845031738;52.302802205085754;
1316003070297;8.234295845031738;52.302802205085754;
1316003071326;8.23449969291687;52.302807569503784;
1316003071351;8.23449969291687;52.302807569503784;
1316003072339;8.234724998474121;52.302807569503784;
1316003072354;8.234724998474121;52.302807569503784;
1316003073316;8.23499321937561;52.302791476249695;
1316003073343;8.23499321937561;52.302791476249695;
1316003074300;8.23523461818695;52.302786111831665;
1316003074331;8.23523461818695;52.302786111831665;
1316003075335;8.235476016998291;52.302780747413635;
1316003075339;8.235476016998291;52.302780747413635;
1316003076293;8.23573350906372;52.302775382995605;
1316003076326;8.23573350906372;52.302775382995605;
1316003077312;8.23599636554718;52.302764654159546;
1316003077315;8.23599636554718;52.302764654159546;
1316003078321;8.236302137374878;52.302786111831665;
1316003078392;8.236302137374878;52.302786111831665;
1316003079287;8.236597180366516;52.302786111831665;
1316003079304;8.236597180366516;52.302786111831665;
1316003080281;8.236897587776184;52.302786111831665;
1316003080313;8.236897587776184;52.302786111831665;
1316003081326;8.237197995185852;52.302786111831665;
1316003081364;8.237197995185852;52.302786111831665;
1316003082306;8.23751449584961;52.302791476249695;
1316003082368;8.23751449584961;52.302791476249695;
1316003083278;8.237814903259277;52.302786111831665;
1316003083307;8.237814903259277;52.302786111831665;
1316003084293;8.238131403923035;52.302791476249695;
1316003084344;8.238131403923035;52.302791476249695;
1316003085284;8.238474726676941;52.302775382995605;
1316003085289;8.238474726676941;52.302775382995605;
1316003086294;8.238791227340698;52.302775382995605;
1316003086300;8.238791227340698;52.302775382995605;
1316003087287;8.239091634750366;52.302770018577576;
1316003087358;8.239091634750366;52.302770018577576;
1316003088303;8.239408135414124;52.302753925323486;
1316003088329;8.239408135414124;52.302753925323486;
1316003089286;8.239713907241821;52.302753925323486;
1316003089319;8.239713907241821;52.302753925323486;
1316003090280;8.240030407905579;52.302753925323486;
1316003090306;8.240030407905579;52.302753925323486;
1316003091332;8.240341544151306;52.30274856090546;
1316003091336;8.240341544151306;52.30274856090546;
1316003092298;8.240668773651123;52.302753925323486;
1316003092302;8.240668773651123;52.302753925323486;
1316003094335;8.241296410560608;52.30274856090546;
1316003094406;8.241296410560608;52.30274856090546;
1316003095298;8.24149489402771;52.30272173881531;
1316003095330;8.24149489402771;52.30272173881531;
1316003096333;8.241800665855408;52.30269491672516;
1316003096335;8.241800665855408;52.30269491672516;
1316003097326;8.242047429084778;52.3026305437088;
1316003097354;8.242047429084778;52.3026305437088;
1316003098303;8.242304921150208;52.302571535110474;
1316003098336;8.242304921150208;52.302571535110474;
1316003099338;8.242557048797607;52.302517890930176;
1316003099395;8.242557048797607;52.302517890930176;
1316003100286;8.242787718772888;52.30245888233185;
1316003100290;8.242787718772888;52.30245888233185;
1316003101294;8.243045210838318;52.30241060256958;
1316003101328;8.243045210838318;52.30241060256958;
1316003102300;8.243275880813599;52.30236768722534;
1316003102343;8.243275880813599;52.30236768722534;
1316003103287;8.243533372879028;52.30233013629913;
1316003103333;8.243533372879028;52.30233013629913;
1316003104289;8.243769407272339;52.302287220954895;
1316003104305;8.243769407272339;52.302287220954895;
1316003105308;8.244021534919739;52.30223894119263;
1316003105324;8.244021534919739;52.30223894119263;
1316003106282;8.24424147605896;52.30219066143036;
1316003106313;8.24424147605896;52.30219066143036;
1316003107301;8.244461417198181;52.302126288414;
1316003107317;8.244461417198181;52.302126288414;
1316003108299;8.244654536247253;52.302035093307495;
1316003108355;8.244654536247253;52.302035093307495;
1316003109293;8.244836926460266;52.30193853378296;
1316003109295;8.244836926460266;52.30193853378296;
1316003110303;8.245013952255249;52.30182588100433;
1316003110332;8.245013952255249;52.30182588100433;
1316003111456;8.245190978050232;52.30170786380768;
1316003111523;8.245190978050232;52.30170786380768;
1316003112307;8.245384097099304;52.30158984661102;
1316003112309;8.245384097099304;52.30158984661102;
1316003113312;8.245582580566406;52.30148255825043;
1316003113316;8.245582580566406;52.30148255825043;
1316003114305;8.245802521705627;52.30135917663574;
1316003114332;8.245802521705627;52.30135917663574;
1316003115312;8.246027827262878;52.301257252693176;
1316003115346;8.246027827262878;52.301257252693176;
1316003116286;8.246279954910278;52.3011714220047;
1316003116346;8.246279954910278;52.3011714220047;
1316003117282;8.246532082557678;52.30108559131622;
1316003117298;8.246532082557678;52.30108559131622;
1316003118310;8.246778845787048;52.301010489463806;
1316003118334;8.246778845787048;52.301010489463806;
1316003119292;8.247036337852478;52.30093538761139;
1316003119325;8.247036337852478;52.30093538761139;
1316003120343;8.247283101081848;52.300865650177;
1316003120346;8.247283101081848;52.300865650177;
1316003121284;8.247535228729248;52.300795912742615;
1316003121317;8.247535228729248;52.300795912742615;
1316003122292;8.247803449630737;52.30072617530823;
1316003122320;8.247803449630737;52.30072617530823;
1316003123332;8.248077034950256;52.30066180229187;
1316003123406;8.248077034950256;52.30066180229187;
1316003124296;8.248350620269775;52.30059742927551;
1316003124313;8.248350620269775;52.30059742927551;
1316003125306;8.248618841171265;52.300538420677185;
1316003125352;8.248618841171265;52.300538420677185;
1316003126322;8.248897790908813;52.30047404766083;
1316003126338;8.248897790908813;52.30047404766083;
1316003127286;8.249166011810303;52.30042040348053;
1316003127293;8.249166011810303;52.30042040348053;
1316003128265;8.249439597129822;52.3003613948822;
1316003128267;8.249439597129822;52.3003613948822;
1316003129292;8.24971318244934;52.300307750701904;
1316003129296;8.24971318244934;52.300307750701904;
1316003130275;8.24999749660492;52.30024874210358;
1316003130292;8.24999749660492;52.30024874210358;
1316003131312;8.250265717506409;52.30018973350525;
1316003131328;8.250265717506409;52.30018973350525;
1316003132346;8.250539302825928;52.30013072490692;
1316003132383;8.250539302825928;52.30013072490692;
1316003133312;8.250807523727417;52.30007708072662;
1316003133338;8.250807523727417;52.30007708072662;
1316003134297;8.251065015792847;52.300023436546326;
1316003134329;8.251065015792847;52.300023436546326;
1316003135330;8.251311779022217;52.29997515678406;
1316003135334;8.251311779022217;52.29997515678406;
1316003136288;8.251547813415527;52.29992687702179;
1316003136323;8.251547813415527;52.29992687702179;
1316003137290;8.251778483390808;52.29988932609558;
1316003137306;8.251778483390808;52.29988932609558;
1316003138342;8.25198233127594;52.29984641075134;
1316003138378;8.25198233127594;52.29984641075134;
1316003139266;8.252164721488953;52.299819588661194;
1316003139282;8.252164721488953;52.299819588661194;
1316003140293;8.252320289611816;52.299803495407104;
1316003140343;8.252320289611816;52.299803495407104;
1316003141310;8.252422213554382;52.299771308898926;
1316003141314;8.252422213554382;52.299771308898926;
1316003142308;8.252502679824829;52.29973375797272;
1316003142378;8.252502679824829;52.29973375797272;
1316003143287;8.252561688423157;52.29969084262848;
1316003143322;8.252561688423157;52.29969084262848;
1316003144344;8.252599239349365;52.29964256286621;
1316003144388;8.252599239349365;52.29964256286621;
1316003145279;8.252599239349365;52.29958891868591;
1316003145310;8.252599239349365;52.29958891868591;
1316003146305;8.252561688423157;52.299540638923645;
1316003146332;8.252561688423157;52.299540638923645;
1316003147272;8.252524137496948;52.29948163032532;
1316003147305;8.252524137496948;52.29948163032532;
1316003148275;8.252513408660889;52.29940116405487;
1316003148280;8.252513408660889;52.29940116405487;
1316003149300;8.252502679824829;52.299309968948364;
1316003149337;8.252502679824829;52.299309968948364;
1316003150272;8.252577781677246;52.29917585849762;
1316003150333;8.252577781677246;52.29917585849762;
1316003151309;8.252636790275574;52.299057841300964;
1316003151354;8.252636790275574;52.299057841300964;
1316003152293;8.25272262096405;52.29893982410431;
1316003152309;8.25272262096405;52.29893982410431;
1316003153307;8.252813816070557;52.298827171325684;
1316003153362;8.252813816070557;52.298827171325684;
1316003154286;8.252910375595093;52.298703789711;
1316003154303;8.252910375595093;52.298703789711;
1316003155313;8.253023028373718;52.29858577251434;
1316003155339;8.253023028373718;52.29858577251434;
1316003156289;8.253141045570374;52.29846239089966;
1316003156344;8.253141045570374;52.29846239089966;
1316003157306;8.253280520439148;52.29834973812103;
1316003157333;8.253280520439148;52.29834973812103;
1316003158275;8.253430724143982;52.29824244976044;
1316003158324;8.253430724143982;52.29824244976044;
1316003159310;8.253591656684875;52.29812979698181;
1316003159325;8.253591656684875;52.29812979698181;
1316003160301;8.253822326660156;52.298011779785156;
1316003160305;8.253822326660156;52.298011779785156;
1316003161317;8.254020810127258;52.2978937625885;
1316003161322;8.254020810127258;52.2978937625885;
1316003162277;8.2542085647583;52.297770380973816;
1316003162305;8.2542085647583;52.297770380973816;
1316003163283;8.254380226135254;52.29763627052307;
1316003163311;8.254380226135254;52.29763627052307;
1316003164304;8.254562616348267;52.297507524490356;
1316003164352;8.254562616348267;52.297507524490356;
1316003165286;8.254766464233398;52.29738414287567;
1316003165302;8.254766464233398;52.29738414287567;
1316003166295;8.25498640537262;52.297276854515076;
1316003166324;8.25498640537262;52.297276854515076;
1316003167278;8.255200982093811;52.29716420173645;
1316003167281;8.255200982093811;52.29716420173645;
1316003168271;8.255426287651062;52.297056913375854;
1316003168276;8.255426287651062;52.297056913375854;
1316003169272;8.255640864372253;52.29696035385132;
1316003169276;8.255640864372253;52.29696035385132;
1316003170297;8.255866169929504;52.29684770107269;
1316003170326;8.255866169929504;52.29684770107269;
1316003171297;8.256075382232666;52.29675114154816;
1316003171305;8.256075382232666;52.29675114154816;
1316003172291;8.256284594535828;52.29664921760559;
1316003172335;8.256284594535828;52.29664921760559;
1316003173274;8.25648307800293;52.296541929244995;
1316003173278;8.25648307800293;52.296541929244995;
1316003174292;8.25670838356018;52.2964346408844;
1316003174343;8.25670838356018;52.2964346408844;
1316003175332;8.256912231445313;52.29633808135986;
1316003175380;8.256912231445313;52.29633808135986;
1316003176306;8.257137537002563;52.29624688625336;
1316003176336;8.257137537002563;52.29624688625336;
1316003177279;8.257362842559814;52.29615569114685;
1316003177358;8.257362842559814;52.29615569114685;
1316003178296;8.257593512535095;52.296069860458374;
1316003178312;8.257593512535095;52.296069860458374;
1316003179272;8.257829546928406;52.29598939418793;
1316003179305;8.257829546928406;52.29598939418793;
1316003180305;8.258065581321716;52.29590892791748;
1316003180321;8.258065581321716;52.29590892791748;
1316003181282;8.258296251296997;52.295828461647034;
1316003181286;8.258296251296997;52.295828461647034;
1316003182282;8.258532285690308;52.29574799537659;
1316003182298;8.258532285690308;52.29574799537659;
1316003183347;8.258762955665588;52.29567289352417;
1316003183400;8.258762955665588;52.29567289352417;
1316003184274;8.25898289680481;52.29559779167175;
1316003184291;8.25898289680481;52.29559779167175;
1316003185301;8.259181380271912;52.295517325401306;
1316003185362;8.259181380271912;52.295517325401306;
1316003186268;8.259385228157043;52.29543149471283;
1316003186292;8.259385228157043;52.29543149471283;
1316003187293;8.259572982788086;52.295329570770264;
1316003187338;8.259572982788086;52.295329570770264;
1316003188281;8.259685635566711;52.29519546031952;
1316003188310;8.259685635566711;52.29519546031952;
1316003189328;8.259787559509277;52.295066714286804;
1316003189346;8.259787559509277;52.295066714286804;
1316003190290;8.259889483451843;52.29493260383606;
1316003190320;8.259889483451843;52.29493260383606;
1316003191292;8.259996771812439;52.294793128967285;
1316003191324;8.259996771812439;52.294793128967285;
1316003192316;8.260093331336975;52.29465901851654;
1316003192344;8.260093331336975;52.29465901851654;
1316003193273;8.26020061969757;52.294519543647766;
1316003193299;8.26020061969757;52.294519543647766;
1316003194292;8.260324001312256;52.29438543319702;
1316003194322;8.260324001312256;52.29438543319702;
1316003195302;8.260431289672852;52.29424059391022;
1316003195308;8.260431289672852;52.29424059391022;
1316003196302;8.260533213615417;52.29410648345947;
1316003196330;8.260533213615417;52.29410648345947;
1316003197268;8.260640501976013;52.2939670085907;
1316003197270;8.260640501976013;52.2939670085907;
1316003198278;8.260763883590698;52.293822169303894;
1316003198340;8.260763883590698;52.293822169303894;
1316003199279;8.260860443115234;52.29368805885315;
1316003199284;8.260860443115234;52.29368805885315;
1316003200288;8.26097309589386;52.293553948402405;
1316003200365;8.26097309589386;52.293553948402405;
1316003201271;8.261080384254456;52.29341447353363;
1316003201293;8.261080384254456;52.29341447353363;
1316003202293;8.261193037033081;52.29324817657471;
1316003202297;8.261193037033081;52.29324817657471;
1316003203281;8.261359333992004;52.29316771030426;
1316003203314;8.261359333992004;52.29316771030426;
1316003204317;8.261536359786987;52.293071150779724;
1316003204321;8.261536359786987;52.293071150779724;
1316003205327;8.26172411441803;52.2930121421814;
1316003205372;8.26172411441803;52.2930121421814;
1316003206309;8.261911869049072;52.29293704032898;
1316003206313;8.261911869049072;52.29293704032898;
1316003207317;8.262104988098145;52.29286730289459;
1316003207354;8.262104988098145;52.29286730289459;
1316003208286;8.262298107147217;52.292792201042175;
1316003208303;8.262298107147217;52.292792201042175;
1316003209311;8.262491226196289;52.29271709918976;
1316003209355;8.262491226196289;52.29271709918976;
1316003210296;8.262684345245361;52.29264199733734;
1316003210302;8.262684345245361;52.29264199733734;
1316003211322;8.262872099876404;52.292572259902954;
1316003211365;8.262872099876404;52.292572259902954;
1316003212289;8.263022303581238;52.292518615722656;
1316003212322;8.263022303581238;52.292518615722656;
1316003213316;8.263177871704102;52.29245960712433;
1316003213320;8.263177871704102;52.29245960712433;
1316003214282;8.263306617736816;52.29241132736206;
1316003214314;8.263306617736816;52.29241132736206;
1316003215289;8.263397812843323;52.29237377643585;
1316003215323;8.263397812843323;52.29237377643585;
1316003216273;8.26344609260559;52.29235231876373;
1316003216277;8.26344609260559;52.29235231876373;
1316003217284;8.26347291469574;52.29234158992767;
1316003217293;8.26347291469574;52.29234158992767;
1316003218267;8.2634836435318;52.292325496673584;
1316003218300;8.2634836435318;52.292325496673584;
1316003219319;8.26347827911377;52.292336225509644;
1316003219321;8.26347827911377;52.292336225509644;
1316003220295;8.263489007949829;52.292330861091614;
1316003220326;8.263489007949829;52.292330861091614;
1316003221295;8.263521194458008;52.292336225509644;
1316003221312;8.263521194458008;52.292336225509644;
1316003222305;8.263569474220276;52.29235768318176;
1316003222369;8.263569474220276;52.29235768318176;
1316003223288;8.263628482818604;52.29237914085388;
1316003223293;8.263628482818604;52.29237914085388;
1316003224298;8.26370894908905;52.29241669178009;
1316003224343;8.26370894908905;52.29241669178009;
1316003225298;8.263800144195557;52.29246497154236;
1316003225302;8.263800144195557;52.29246497154236;
1316003226290;8.263896703720093;52.292534708976746;
1316003226323;8.263896703720093;52.292534708976746;
1316003227273;8.264014720916748;52.29260981082916;
1316003227276;8.264014720916748;52.29260981082916;
1316003228300;8.264122009277344;52.29267418384552;
1316003228334;8.264122009277344;52.29267418384552;
1316003229283;8.26422393321991;52.29275465011597;
1316003229299;8.26422393321991;52.29275465011597;
1316003230292;8.26444387435913;52.29289412498474;
1316003230296;8.26444387435913;52.29289412498474;
1316003231293;8.264636993408203;52.2930121421814;
1316003231298;8.264636993408203;52.2930121421814;
1316003232320;8.264830112457275;52.29313552379608;
1316003232345;8.264830112457275;52.29313552379608;
1316003233305;8.265017867088318;52.29323208332062;
1316003233335;8.265017867088318;52.29323208332062;
1316003234322;8.26522171497345;52.29336082935333;
1316003234326;8.26522171497345;52.29336082935333;
1316003235315;8.265388011932373;52.29350030422211;
1316003235344;8.265388011932373;52.29350030422211;
1316003236315;8.265607953071594;52.2936075925827;
1316003236319;8.265607953071594;52.2936075925827;
1316003237324;8.265779614448547;52.293800711631775;
1316003237352;8.265779614448547;52.293800711631775;
1316003238363;8.2659512758255;52.29394555091858;
1316003238365;8.2659512758255;52.29394555091858;
1316003239333;8.266106843948364;52.29412257671356;
1316003239361;8.266106843948364;52.29412257671356;
1316003240316;8.266283869743347;52.294310331344604;
1316003240332;8.266283869743347;52.294310331344604;
1316003241325;8.266439437866211;52.29449808597565;
1316003241354;8.266439437866211;52.29449808597565;
1316003242310;8.266648650169373;52.29469120502472;
1316003242315;8.266648650169373;52.29469120502472;
1316003243319;8.266852498054504;52.29484677314758;
1316003243346;8.266852498054504;52.29484677314758;
1316003244285;8.267072439193726;52.29498088359833;
1316003244291;8.267072439193726;52.29498088359833;
1316003245294;8.267292380332947;52.29508817195892;
1316003245355;8.267292380332947;52.29508817195892;
1316003246279;8.267555236816406;52.29515790939331;
1316003246312;8.267555236816406;52.29515790939331;
1316003247322;8.267839550971985;52.295265197753906;
1316003247325;8.267839550971985;52.295265197753906;
1316003248271;8.268032670021057;52.29535102844238;
1316003248287;8.268032670021057;52.29535102844238;
1316003249309;8.268263339996338;52.29546904563904;
1316003249313;8.268263339996338;52.29546904563904;
1316003250264;8.268483281135559;52.29559779167175;
1316003250280;8.268483281135559;52.29559779167175;
1316003251291;8.268848061561584;52.29571580886841;
1316003251317;8.268848061561584;52.29571580886841;
1316003252349;8.26919138431549;52.29574799537659;
1316003252450;8.26919138431549;52.29574799537659;
1316003253293;8.26947569847107;52.295774817466736;
1316003253310;8.26947569847107;52.295774817466736;
1316003254286;8.269808292388916;52.295828461647034;
1316003254332;8.269808292388916;52.295828461647034;
1316003255311;8.270173072814941;52.29585528373718;
1316003255314;8.270173072814941;52.29585528373718;
1316003256293;8.270511031150818;52.29593575000763;
1316003256309;8.270511031150818;52.29593575000763;
1316003257279;8.270827531814575;52.296021580696106;
1316003257295;8.270827531814575;52.296021580696106;
1316003258288;8.271144032478333;52.29610741138458;
1316003258321;8.271144032478333;52.29610741138458;
1316003259288;8.27145516872406;52.29619860649109;
1316003259292;8.27145516872406;52.29619860649109;
1316003260298;8.271760940551758;52.296284437179565;
1316003260344;8.271760940551758;52.296284437179565;
1316003261282;8.272050619125366;52.2963809967041;
1316003261298;8.272050619125366;52.2963809967041;
1316003262312;8.272351026535034;52.29648292064667;
1316003262315;8.272351026535034;52.29648292064667;
1316003263352;8.272651433944702;52.29659020900726;
1316003263471;8.272651433944702;52.29659020900726;
1316003264306;8.272930383682251;52.29670286178589;
1316003264345;8.272930383682251;52.29670286178589;
1316003265269;8.27321469783783;52.2968316078186;
1316003265301;8.27321469783783;52.2968316078186;
1316003266295;8.273493647575378;52.29695498943329;
1316003266297;8.273493647575378;52.29695498943329;
1316003267278;8.273772597312927;52.297078371047974;
1316003267312;8.273772597312927;52.297078371047974;
1316003268297;8.274056911468506;52.29718565940857;
1316003268302;8.274056911468506;52.29718565940857;
1316003269324;8.274319767951965;52.297298312187195;
1316003269329;8.274319767951965;52.297298312187195;
1316003270272;8.274577260017395;52.29741096496582;
1316003270276;8.274577260017395;52.29741096496582;
1316003271281;8.274850845336914;52.297518253326416;
1316003271286;8.274850845336914;52.297518253326416;
1316003272329;8.275119066238403;52.29763627052307;
1316003272425;8.275119066238403;52.29763627052307;
1316003273291;8.275387287139893;52.29774355888367;
1316003273335;8.275387287139893;52.29774355888367;
1316003274275;8.275660872459412;52.29785621166229;
1316003274281;8.275660872459412;52.29785621166229;
1316003275308;8.2759290933609;52.29797422885895;
1316003275361;8.2759290933609;52.29797422885895;
1316003276288;8.27619194984436;52.298070788383484;
1316003276316;8.27619194984436;52.298070788383484;
1316003277304;8.27646017074585;52.29818344116211;
1316003277307;8.27646017074585;52.29818344116211;
1316003278278;8.27669084072113;52.298296093940735;
1316003278313;8.27669084072113;52.298296093940735;
1316003279282;8.27694833278656;52.29840338230133;
1316003279314;8.27694833278656;52.29840338230133;
1316003280290;8.27721118927002;52.29849457740784;
1316003280318;8.27721118927002;52.29849457740784;
1316003281306;8.27746868133545;52.2985965013504;
1316003281310;8.27746868133545;52.2985965013504;
1316003282299;8.277747631072998;52.29871451854706;
1316003282327;8.277747631072998;52.29871451854706;
1316003283266;8.278031945228577;52.29883790016174;
1316003283270;8.278031945228577;52.29883790016174;
1316003284289;8.278321623802185;52.29896128177643;
1316003284325;8.278321623802185;52.29896128177643;
1316003285349;8.278595209121704;52.29909002780914;
1316003285431;8.278595209121704;52.29909002780914;
1316003286284;8.278863430023193;52.2992080450058;
1316003286315;8.278863430023193;52.2992080450058;
1316003287284;8.279158473014832;52.29933679103851;
1316003287288;8.279158473014832;52.29933679103851;
1316003288260;8.279415965080261;52.2994601726532;
1316003288306;8.279415965080261;52.2994601726532;
1316003289309;8.2797110080719;52.29958355426788;
1316003289462;8.2797110080719;52.29958355426788;
1316003290267;8.279995322227478;52.29971766471863;
1316003290298;8.279995322227478;52.29971766471863;
1316003291270;8.280279636383057;52.299819588661194;
1316003291274;8.280279636383057;52.299819588661194;
1316003292297;8.280580043792725;52.2999107837677;
1316003292324;8.280580043792725;52.2999107837677;
1316003293295;8.280848264694214;52.29998052120209;
1316003293297;8.280848264694214;52.29998052120209;
1316003294322;8.281154036521912;52.300034165382385;
1316003294350;8.281154036521912;52.300034165382385;
1316003295274;8.28143298625946;52.30010390281677;
1316003295305;8.28143298625946;52.30010390281677;
1316003296293;8.281738758087158;52.30017364025116;
1316003296309;8.281738758087158;52.30017364025116;
1316003297286;8.282039165496826;52.300254106521606;
1316003297336;8.282039165496826;52.300254106521606;
1316003298304;8.282339572906494;52.30034530162811;
1316003298308;8.282339572906494;52.30034530162811;
1316003299261;8.282629251480103;52.30042040348053;
1316003299296;8.282629251480103;52.30042040348053;
1316003300280;8.282876014709473;52.300516963005066;
1316003300312;8.282876014709473;52.300516963005066;
1316003301271;8.28317642211914;52.30058133602142;
1316003301275;8.28317642211914;52.30058133602142;
1316003302284;8.283466100692749;52.30065107345581;
1316003302321;8.283466100692749;52.30065107345581;
1316003303315;8.283723592758179;52.30072617530823;
1316003303321;8.283723592758179;52.30072617530823;
1316003304304;8.284002542495728;52.300785183906555;
1316003304313;8.284002542495728;52.300785183906555;
1316003305273;8.284297585487366;52.30086028575897;
1316003305306;8.284297585487366;52.30086028575897;
1316003306274;8.284576535224915;52.30092465877533;
1316003306291;8.284576535224915;52.30092465877533;
1316003307310;8.284828662872314;52.30098903179169;
1316003307326;8.284828662872314;52.30098903179169;
1316003308286;8.285080790519714;52.30108559131622;
1316003308335;8.285080790519714;52.30108559131622;
1316003309321;8.285375833511353;52.30118215084076;
1316003309352;8.285375833511353;52.30118215084076;
1316003310324;8.285633325576782;52.301289439201355;
1316003310337;8.285633325576782;52.301289439201355;
1316003311328;8.285874724388123;52.30139136314392;
1316003311332;8.285874724388123;52.30139136314392;
1316003312283;8.286083936691284;52.301536202430725;
1316003312341;8.286083936691284;52.301536202430725;
1316003313298;8.286287784576416;52.30165958404541;
1316003313301;8.286287784576416;52.30165958404541;
1316003314337;8.286464810371399;52.301804423332214;
1316003314340;8.286464810371399;52.301804423332214;
1316003315324;8.286620378494263;52.30197072029114;
1316003315385;8.286620378494263;52.30197072029114;
1316003316264;8.286770582199097;52.30215847492218;
1316003316327;8.286770582199097;52.30215847492218;
1316003317278;8.28694224357605;52.302314043045044;
1316003317281;8.28694224357605;52.302314043045044;
1316003318287;8.287022709846497;52.302507162094116;
1316003318291;8.287022709846497;52.302507162094116;
1316003319257;8.287065625190735;52.30266809463501;
1316003319353;8.287065625190735;52.30266809463501;
1316003320281;8.287081718444824;52.30283975601196;
1316003320311;8.287081718444824;52.30283975601196;
1316003321266;8.287076354026794;52.303022146224976;
1316003321270;8.287076354026794;52.303022146224976;
1316003322260;8.287087082862854;52.30321526527405;
1316003322317;8.287087082862854;52.30321526527405;
1316003323276;8.287092447280884;52.30341374874115;
1316003323280;8.287092447280884;52.30341374874115;
1316003324286;8.287087082862854;52.30362832546234;
1316003324295;8.287087082862854;52.30362832546234;
1316003325268;8.287092447280884;52.30382680892944;
1316003325271;8.287092447280884;52.30382680892944;
1316003326275;8.287108540534973;52.30399310588837;
1316003326306;8.287108540534973;52.30399310588837;
1316003327309;8.287119269371033;52.3041969537735;
1316003327312;8.287119269371033;52.3041969537735;
1316003328297;8.2871675491333;52.30441153049469;
1316003328332;8.2871675491333;52.30441153049469;
1316003329307;8.287221193313599;52.30461001396179;
1316003329311;8.287221193313599;52.30461001396179;
1316003330292;8.287296295166016;52.304808497428894;
1316003330294;8.287296295166016;52.304808497428894;
1316003331280;8.287382125854492;52.305012345314026;
1316003331284;8.287382125854492;52.305012345314026;
1316003332284;8.287473320960999;52.30518937110901;
1316003332286;8.287473320960999;52.30518937110901;
1316003333273;8.287569880485535;52.30538249015808;
1316003333277;8.287569880485535;52.30538249015808;
1316003334294;8.28768789768219;52.30558633804321;
1316003334297;8.28768789768219;52.30558633804321;
1316003335282;8.287789821624756;52.305763363838196;
1316003335286;8.287789821624756;52.305763363838196;
1316003336317;8.287875652313232;52.30595648288727;
1316003336320;8.287875652313232;52.30595648288727;
